param n=100;
param m=4;
param K = 25;
param Q = 60;
param L =40;
param HC:= 
1 239.453
2 231.682
3 268.779
4 259.268;

param o:
	1	2	3	4	5	6	7	8	9	10	11	12	13	14	15	16	17	18	19	20	21	22	23	24	25	26	27	28	29	30	31	32	33	34	35	36	37	38	39	40	41	42	43	44	45	46	47	48	49	50	51	52	53	54	55	56	57	58	59	60	61	62	63	64	65	66	67	68	69	70	71	72	73	74	75	76	77	78	79	80	81	82	83	84	85	86	87	88	89	90	91	92	93	94	95	96	97	98	99	100:=
1	272.0294102	40	92.19544457	218.4032967	110.4536102	206.1552813	237.6972865	50	127.2792206	102.9563014	250.1999201	171.1724277	70	225.6102835	200	213.7755833	221.3594362	272.9468813	80.62257748	130	63.2455532	147.6482306	80.62257748	194.1648784	50	31.6227766	120	89.4427191	222.0360331	220	220.9072203	208.0865205	108.1665383	53.85164807	170.2938637	64.03124237	253.179778	56.56854249	228.035085	139.2838828	50	162.788206	194.1648784	270.1851217	190.2629759	152.9705854	131.5294644	30	215.8703314	134.1640786	148.6606875	41.23105626	130	56.56854249	222.0360331	89.4427191	111.8033989	165.5294536	214.7091055	44.72135955	261.7250466	60.8276253	228.035085	10	50.99019514	183.5755975	50	50	125.2996409	72.80109889	117.0469991	260	110	130.3840481	183.8477631	76.15773106	174.642492	50	106.3014581	28.28427125	184.3908891	108.1665383	192.3538406	104.4030651	60	235.3720459	295.4657341	196.977156	269.2582404	40	156.5247584	31.6227766	120.8304597	145.6021978	130.3840481	76.15773106	220.2271555	250.5992817	284.6049894	126.4911064
2	291.5475947	76.15773106	36.05551275	200.2498439	128.0624847	191.0497317	210.9502311	50	82.46211251	82.46211251	252.9822128	167.6305461	140.3566885	210.9502311	158.113883	228.2542442	200	282.3118843	50	162.788206	130.3840481	120	10	182.4828759	36.05551275	101.9803903	50.99019514	76.15773106	232.594067	221.3594362	215.8703314	167.6305461	152.6433752	36.05551275	170.8800749	125.2996409	264.0075756	120.8304597	210.2379604	121.6552506	117.0469991	111.8033989	210.9502311	266.8332813	196.977156	145.6021978	150	41.23105626	233.2380758	110.4536102	104.4030651	110	78.10249676	114.0175425	213.7755833	158.113883	134.5362405	140	182.4828759	110.4536102	253.179778	22.36067977	246.9817807	60.8276253	120	219.317122	120.4159458	111.8033989	164.0121947	30	64.03124237	259.6150997	122.0655562	72.11102551	160	145.6021978	194.1648784	22.36067977	161.5549442	94.86832981	202.4845673	167.6305461	226.27417	36.05551275	130.3840481	250.5992817	264.7640459	226.715681	250	86.02325267	191.0497317	100	101.9803903	133.4166406	172.0465053	141.4213562	224.7220505	215.8703314	305.2867504	155.5634919
3	192.0937271	80.62257748	139.2838828	101.9803903	50	90.55385138	120.8304597	140	53.85164807	22.36067977	148.6606875	63.2455532	155.5634919	110.4536102	94.33981132	128.0624847	104.4030651	178.8854382	152.9705854	90.55385138	134.5362405	36.05551275	107.7032961	80	80	138.9244399	136.0147051	30	130.3840481	117.0469991	111.8033989	100	101.9803903	130.3840481	67.08203932	178.8854382	161.245155	170	111.8033989	22.36067977	161.245155	80	113.137085	162.788206	94.33981132	41.23105626	63.2455532	110.4536102	134.5362405	22.36067977	60	128.0624847	178.8854382	106.3014581	110.4536102	192.0937271	60	50	100	120.4159458	150.3329638	121.6552506	148.6606875	114.0175425	134.5362405	139.2838828	142.126704	113.137085	100	133.4166406	165.5294536	155.241747	40	80.62257748	67.08203932	178.0449381	100	110.4536102	126.4911064	143.1782106	106.3014581	139.2838828	143.1782106	100	148.6606875	150	178.8854382	138.9244399	152.9705854	155.241747	114.0175425	122.0655562	10	30	110	136.0147051	120.8304597	136.0147051	206.1552813	80.62257748
4	205.1828453	106.3014581	141.4213562	90.55385138	80.62257748	82.46211251	101.9803903	152.9705854	36.05551275	36.05551275	152.6433752	70.71067812	184.3908891	101.9803903	64.03124237	142.126704	90	186.0107524	160	120	164.0121947	10	110.4536102	76.15773106	94.86832981	164.0121947	130	50	141.4213562	122.0655562	111.8033989	70.71067812	133.4166406	141.4213562	78.10249676	202.4845673	170.2938637	194.1648784	100.4987562	22.36067977	186.0107524	50.99019514	130.3840481	161.5549442	106.3014581	50	90.55385138	126.4911064	150	10	31.6227766	155.5634919	177.2004515	136.0147051	107.7032961	219.317122	90.55385138	30	76.15773106	148.6606875	145.6021978	130.3840481	164.0121947	134.1640786	162.788206	164.924225	169.7056275	142.126704	130.3840481	140	164.924225	156.5247584	70.71067812	64.03124237	50	205.1828453	120.8304597	121.6552506	158.113883	166.4331698	125.2996409	170.8800749	167.6305461	94.86832981	176.9180601	162.788206	158.113883	161.5549442	140	174.642492	141.4213562	148.6606875	22.36067977	36.05551275	140.3566885	166.4331698	128.0624847	111.8033989	219.317122	110;

param cost:
	1	2	3	4	5	6	7	8	9	10	11	12	13	14	15	16	17	18	19	20	21	22	23	24	25	26	27	28	29	30	31	32	33	34	35	36	37	38	39	40	41	42	43	44	45	46	47	48	49	50	51	52	53	54	55	56	57	58	59	60	61	62	63	64	65	66	67	68	69	70	71	72	73	74	75	76	77	78	79	80	81	82	83	84	85	86	87	88	89	90	91	92	93	94	95	96	97	98	99	100:=
1	0	234.0939982	327.5667871	148.6606875	165.5294536	143.1782106	174.642492	313.8470965	240.4163056	214.0093456	70.71067812	134.5362405	260.1922366	136.0147051	223.6067977	64.03124237	158.113883	41.23105626	335.4101966	143.1782106	240.8318916	198.4943324	296.8164416	138.9244399	259.4224354	274.5906044	328.0243893	216.3330765	64.03124237	89.4427191	107.7032961	219.317122	171.1724277	308.7069808	127.2792206	312.5699922	41.23105626	302.654919	145.6021978	183.8477631	292.7456234	250	80.62257748	90.55385138	98.99494937	155.5634919	143.1782106	282.3118843	58.30951895	197.9898987	234.3074903	253.179778	368.9173349	223.6067977	117.0469991	300	161.5549442	186.0107524	193.1320792	243.3105012	110	304.1381265	44.72135955	275.1363298	251.7935662	100.4987562	261.7250466	233.4523506	151.3274595	317.6476035	355.1056181	80	170	268.7005769	174.9285568	290.1723626	98.48857802	290.6888371	190	286.3564213	89.4427191	200.2498439	90.55385138	292.0616373	260.7680962	42.42640687	200.2498439	80	150	310.4834939	120.4159458	254.9509757	198.4943324	169.7056275	150.3329638	230.2172887	80.62257748	203.9607805	14.14213562	145.6021978
2	234.0939982	0	108.1665383	180.2775638	70.71067812	167.6305461	201.246118	80.62257748	102.9563014	70.71067812	210.2379604	131.5294644	80.62257748	186.8154169	169.7056275	174.642492	183.8477631	233.4523506	106.3014581	94.33981132	63.2455532	114.0175425	85.44003745	155.241747	41.23105626	58.30951895	126.4911064	56.56854249	182.4828759	180	181.1077028	176.9180601	78.10249676	78.10249676	130.3840481	98.48857802	213.7755833	89.4427191	189.7366596	102.9563014	80.62257748	138.9244399	155.241747	230.2172887	150.3329638	114.0175425	92.19544457	50	177.2004515	100	122.0655562	50	150	40	182.4828759	113.137085	72.80109889	130.3840481	180.2775638	44.72135955	222.0360331	78.10249676	189.7366596	41.23105626	58.30951895	150	64.03124237	41.23105626	92.19544457	92.19544457	136.0147051	220	70	114.0175425	147.6482306	98.99494937	136.0147051	64.03124237	85.44003745	63.2455532	145.6021978	92.19544457	158.113883	100.4987562	72.11102551	196.468827	259.4224354	161.245155	230.8679276	80	122.0655562	42.42640687	86.02325267	107.7032961	98.99494937	70.71067812	180.2775638	216.3330765	246.9817807	89.4427191
3	327.5667871	108.1665383	0	231.9482701	164.0121947	223.6067977	240	50.99019514	110	117.0469991	287.923601	202.4845673	161.245155	243.3105012	182.4828759	264.1968963	230.8679276	317.8049716	28.28427125	197.9898987	155.241747	151.3274595	31.6227766	215.8703314	70.71067812	120.4159458	36.05551275	111.8033989	268.3281573	256.3201124	250	192.3538406	186.0107524	40	206.1552813	133.4166406	299.6664813	131.5294644	241.8677324	155.241747	130.3840481	133.4166406	246.9817807	300.8321791	232.594067	180.2775638	186.0107524	63.2455532	269.2582404	143.1782106	130.3840481	133.4166406	42.42640687	143.1782106	247.3863375	171.1724277	170.2938637	171.1724277	210.2379604	136.0147051	286.3564213	31.6227766	283.019434	82.46211251	143.1782106	254.5584412	141.4213562	139.2838828	198.4943324	20	28.28427125	294.1088234	158.113883	92.19544457	191.0497317	160.3121954	230.2172887	44.72135955	192.3538406	110	238.5372088	196.977156	261.7250466	50.99019514	151.3274595	286.5309756	291.5475947	262.488095	280.713377	92.19544457	226.27417	123.6931688	136.0147051	167.6305461	206.1552813	167.6305461	260	241.8677324	341.3209633	191.0497317
4	148.6606875	180.2775638	231.9482701	0	122.0655562	14.14213562	31.6227766	240.8318916	123.6931688	120.4159458	80.62257748	56.56854249	246.9817807	14.14213562	78.10249676	100	10	116.6190379	250.1999201	142.126704	224.7220505	80.62257748	200.9975124	28.28427125	181.1077028	237.6972865	218.4032967	131.5294644	90.55385138	60.8276253	41.23105626	72.11102551	169.7056275	230.2172887	64.03124237	278.5677655	107.7032961	269.2582404	10	80.62257748	260	116.6190379	101.9803903	78.10249676	72.80109889	67.08203932	113.137085	212.1320344	110	90	107.7032961	223.6067977	266.8332813	197.2308292	31.6227766	286.5309756	128.0624847	60.8276253	44.72135955	214.7091055	58.30951895	220	120.4159458	215.8703314	228.2542442	158.113883	237.0653918	205.9126028	156.2049935	230.2172887	254.9509757	78.10249676	116.6190379	148.6606875	41.23105626	272.9468813	107.7032961	210.2379604	197.9898987	243.5159132	104.4030651	212.1320344	155.241747	184.3908891	241.8677324	111.8033989	84.85281374	143.1782106	50.99019514	257.0992026	147.6482306	219.317122	100.4987562	72.80109889	164.0121947	222.0360331	70.71067812	60.8276253	161.5549442	134.5362405
5	165.5294536	70.71067812	164.0121947	122.0655562	0	108.1665383	148.6606875	148.6606875	101.9803903	63.2455532	140	67.08203932	125.2996409	125.2996409	139.2838828	104.4030651	128.0624847	162.788206	170	41.23105626	102.9563014	82.46211251	134.5362405	94.33981132	94.33981132	121.6552506	170.2938637	58.30951895	111.8033989	110.4536102	114.0175425	143.1782106	53.85164807	143.1782106	63.2455532	162.788206	143.1782106	152.9705854	130.3840481	63.2455532	143.1782106	130	85.44003745	161.245155	80	56.56854249	22.36067977	117.0469991	107.7032961	70.71067812	110	104.4030651	206.1552813	76.15773106	117.0469991	165.5294536	10	89.4427191	136.0147051	94.86832981	155.241747	138.9244399	120.8304597	111.8033989	107.7032961	94.33981132	117.0469991	85.44003745	50	152.6433752	192.0937271	150.3329638	10	126.4911064	100	152.3154621	67.08203932	125.2996409	80.62257748	130.3840481	76.15773106	94.33981132	100	136.0147051	120.8304597	126.4911064	206.1552813	98.99494937	170	150.3329638	67.08203932	101.9803903	60	58.30951895	60	100	110	170.2938637	178.8854382	31.6227766
6	143.1782106	167.6305461	223.6067977	14.14213562	108.1665383	0	44.72135955	230.2172887	117.0469991	110	78.10249676	42.42640687	233.2380758	20	80.62257748	90.55385138	22.36067977	114.0175425	240.8318916	128.0624847	210.9502311	72.80109889	192.3538406	14.14213562	170.2938637	224.7220505	211.896201	120.4159458	82.46211251	53.85164807	36.05551275	76.15773106	155.5634919	220	50	265.7066051	102.9563014	256.3201124	22.36067977	70	246.9817807	114.0175425	90.55385138	80.62257748	60.8276253	53.85164807	98.99494937	200.9975124	100.4987562	80.62257748	102.9563014	210.2379604	259.6150997	183.5755975	28.28427125	272.9468813	114.0175425	53.85164807	50.99019514	201.246118	63.2455532	210.2379604	111.8033989	203.9607805	214.7091055	145.6021978	223.6067977	192.3538406	142.126704	220.9072203	247.3863375	78.10249676	102.9563014	143.1782106	36.05551275	259.4224354	94.86832981	200	183.8477631	230.8679276	92.19544457	197.9898987	143.1782106	177.2004515	228.2542442	104.4030651	98.99494937	131.5294644	63.2455532	245.1530134	134.1640786	206.1552813	90	60.8276253	150	208.0865205	63.2455532	72.80109889	156.5247584	120.4159458
7	174.642492	201.246118	240	31.6227766	148.6606875	44.72135955	0	254.9509757	130	136.0147051	104.4030651	86.02325267	272.0294102	40	67.08203932	130.3840481	22.36067977	139.2838828	260.7680962	172.0465053	250	92.19544457	210.2379604	58.30951895	196.468827	259.4224354	222.0360331	148.6606875	120	90	70	58.30951895	198.4943324	243.3105012	94.33981132	299.6664813	133.4166406	290.6888371	30	98.48857802	281.7800561	114.0175425	133.4166406	94.33981132	104.4030651	92.19544457	142.126704	228.035085	140.3566885	104.4030651	110.4536102	246.9817807	271.6615541	222.0360331	60	310.6444913	155.5634919	72.80109889	31.6227766	238.5372088	72.11102551	231.9482701	150	234.0939982	252.3885893	189.7366596	260.7680962	230.2172887	186.0107524	240.8318916	260.7680962	98.48857802	142.126704	151.3274595	53.85164807	296.8164416	139.2838828	223.6067977	226.715681	264.0075756	136.0147051	240.8318916	186.8154169	190.2629759	266.2705391	140.3566885	58.30951895	174.642492	44.72135955	275.1363298	178.8854382	241.8677324	117.0469991	94.33981132	194.1648784	248.394847	100	30	186.8154169	164.0121947
8	313.8470965	80.62257748	50.99019514	240.8318916	148.6606875	230.2172887	254.9509757	0	130	120.4159458	284.4292531	200.9975124	114.0175425	250.1999201	206.1552813	252.9822128	241.8677324	310.4834939	31.6227766	174.9285568	111.8033989	162.788206	56.56854249	220	60	72.80109889	85.44003745	110	259.6150997	253.179778	250.7987241	215.4065923	156.2049935	14.14213562	202.2374842	82.46211251	291.2043956	80.62257748	250.7987241	160.3121954	80	161.245155	234.0939982	301.4962686	225.6102835	180.2775638	170.8800749	31.6227766	256.3201124	151.3274595	152.3154621	89.4427191	82.46211251	106.3014581	250.1999201	120.4159458	152.3154621	182.4828759	228.035085	94.33981132	290.1723626	28.28427125	269.2582404	42.42640687	98.48857802	230.2172887	94.86832981	100	172.0465053	31.6227766	70.71067812	292.7456234	145.6021978	122.0655562	202.2374842	110	215.4065923	31.6227766	156.2049935	60.8276253	224.7220505	158.113883	238.5372088	84.85281374	104.4030651	275.1363298	310.4834939	241.8677324	291.5475947	41.23105626	202.4845673	80.62257748	140.3566885	170	178.0449381	125.2996409	254.9509757	262.488095	326.9556545	170
9	240.4163056	102.9563014	110	123.6931688	101.9803903	117.0469991	130	130	0	40	188.6796226	106.3014581	183.5755975	136.0147051	76.15773106	176.9180601	121.6552506	222.0360331	131.5294644	143.1782106	165.5294536	44.72135955	80.62257748	111.8033989	78.10249676	156.2049935	94.86832981	50.99019514	176.9180601	158.113883	147.6482306	85.44003745	150	117.0469991	113.137085	191.0497317	206.1552813	183.8477631	133.4166406	56.56854249	176.9180601	36.05551275	164.0121947	196.977156	141.4213562	84.85281374	117.0469991	108.1665383	184.3908891	42.42640687	22.36067977	152.6433752	143.1782106	139.2838828	143.1782106	214.0093456	111.8033989	63.2455532	100.4987562	147.6482306	180.2775638	104.4030651	198.4943324	120.4159458	161.245155	193.1320792	166.4331698	143.1782106	151.3274595	111.8033989	131.5294644	192.3538406	92.19544457	28.28427125	82.46211251	200	152.6433752	98.48857802	171.1724277	155.5634919	158.113883	182.4828759	196.977156	60.8276253	174.9285568	197.9898987	182.4828759	192.3538406	171.1724277	158.113883	167.6305461	144.222051	44.72135955	70.71067812	161.245155	170.8800749	164.0121947	133.4166406	254.5584412	133.4166406
10	214.0093456	70.71067812	117.0469991	120.4159458	63.2455532	110	136.0147051	120.4159458	40	0	170.8800749	85.44003745	150	130	98.99494937	150	121.6552506	201.246118	131.5294644	104.4030651	130.3840481	44.72135955	85.44003745	100.4987562	60.8276253	128.0624847	114.0175425	14.14213562	152.6433752	139.2838828	133.4166406	106.3014581	110	110	89.4427191	166.4331698	183.5755975	158.113883	130.3840481	40	150	72.80109889	134.5362405	184.3908891	116.6190379	63.2455532	80.62257748	92.19544457	156.2049935	31.6227766	53.85164807	120.4159458	156.5247584	102.9563014	131.5294644	183.8477631	72.80109889	63.2455532	111.8033989	114.0175425	171.1724277	100.4987562	170.2938637	98.48857802	128.0624847	156.5247584	134.5362405	108.1665383	111.8033989	111.8033989	143.1782106	177.2004515	53.85164807	63.2455532	82.46211251	169.7056275	120.4159458	90	131.5294644	130.3840481	127.2792206	143.1782106	161.245155	78.10249676	142.126704	172.0465053	193.1320792	158.113883	171.1724277	139.2838828	130	113.137085	20	50.99019514	121.6552506	134.1640786	143.1782106	147.6482306	228.035085	94.86832981
11	70.71067812	210.2379604	287.923601	80.62257748	140	78.10249676	104.4030651	284.4292531	188.6796226	170.8800749	0	85.44003745	257.0992026	67.08203932	158.113883	50	89.4427191	36.05551275	300.8321791	136.0147051	235.3720459	144.222051	256.3201124	78.10249676	225.6102835	260.7680962	281.7800561	177.2004515	36.05551275	31.6227766	42.42640687	152.6433752	167.6305461	276.5863337	82.46211251	301.4962686	30	291.5475947	76.15773106	134.1640786	281.6025568	191.0497317	67.08203932	28.28427125	60	107.7032961	120.4159458	253.179778	56.56854249	147.6482306	178.0449381	241.8677324	326.9556545	212.1320344	50	298.3286778	140.3566885	128.0624847	125.2996409	231.9482701	41.23105626	269.2582404	58.30951895	250.7987241	243.3105012	120.4159458	253.179778	222.0360331	148.6606875	281.6025568	313.8470965	14.14213562	140.3566885	216.3330765	113.137085	286.3564213	85.44003745	257.0992026	193.1320792	270.1851217	76.15773106	206.1552813	113.137085	245.9674775	254.9509757	44.72135955	131.5294644	98.99494937	80.62257748	290.1723626	125.2996409	240.8318916	152.3154621	120.8304597	152.3154621	228.035085	30	133.4166406	82.46211251	133.4166406
12	134.5362405	131.5294644	202.4845673	56.56854249	67.08203932	42.42640687	86.02325267	200.9975124	106.3014581	85.44003745	85.44003745	0	192.3538406	58.30951895	100.4987562	72.11102551	64.03124237	116.6190379	215.8703314	86.02325267	170	64.03124237	170.8800749	28.28427125	141.4213562	186.8154169	197.2308292	92.19544457	70.71067812	53.85164807	50	100	113.137085	192.3538406	10	228.035085	100	218.4032967	64.03124237	50	208.8061302	116.6190379	63.2455532	100.4987562	36.05551275	22.36067977	56.56854249	170.2938637	80.62257748	64.03124237	100	170.8800749	241.6609195	143.1782106	50.99019514	232.594067	72.11102551	53.85164807	82.46211251	161.5549442	90.55385138	184.3908891	94.33981132	170.2938637	174.642492	110.4536102	183.8477631	152.3154621	100	196.468827	228.4731932	92.19544457	63.2455532	134.5362405	50	219.317122	60	172.626765	141.4213562	194.1648784	60.8276253	155.5634919	110	161.245155	187.8829423	92.19544457	141.4213562	100.4987562	102.9563014	210.9502311	94.86832981	167.6305461	67.08203932	36.05551275	108.1665383	166.4331698	58.30951895	111.8033989	148.6606875	78.10249676
13	260.1922366	80.62257748	161.245155	246.9817807	125.2996409	233.2380758	272.0294102	114.0175425	183.5755975	150	257.0992026	192.3538406	0	250.5992817	248.394847	212.1320344	252.3885893	271.6615541	145.6021978	121.6552506	22.36067977	191.0497317	150.3329638	219.544984	114.0175425	41.23105626	190	136.0147051	223.6067977	230.8679276	237.6972865	254.9509757	90.55385138	121.6552506	187.8829423	58.30951895	251.7935662	50	255.5386468	176.9180601	42.42640687	219.544984	192.3538406	281.6025568	199.2485885	180.2775638	139.2838828	100	210.9502311	176.9180601	202.4845673	31.6227766	196.468827	50	241.6609195	41.23105626	120.8304597	205.1828453	254.9509757	36.05551275	278.5677655	130.3840481	220.2271555	80	22.36067977	161.245155	20	42.42640687	110.4536102	141.4213562	184.3908891	269.2582404	130.3840481	193.1320792	220.2271555	30	172.626765	120	70.71067812	53.85164807	182.4828759	63.2455532	171.1724277	172.626765	10	230.8679276	330.1514804	180.2775638	295.2964612	80.62257748	140	41.23105626	162.788206	178.0449381	110	30	228.035085	290.6888371	270.7397274	123.6931688
14	136.0147051	186.8154169	243.3105012	14.14213562	125.2996409	20	40	250.1999201	136.0147051	130	67.08203932	58.30951895	250.5992817	0	92.19544457	90.55385138	22.36067977	102.9563014	260.7680962	141.4213562	228.2542442	92.19544457	212.1320344	31.6227766	190.2629759	243.5159132	230.8679276	140.3566885	80	50	30	86.02325267	170.2938637	240	64.03124237	284.6049894	94.86832981	275.1363298	10	90	265.7066051	130.3840481	94.86832981	64.03124237	67.08203932	72.80109889	114.0175425	220.9072203	100.4987562	100.4987562	120.8304597	228.4731932	278.9265136	201.246118	20	290.6888371	130.3840481	72.80109889	58.30951895	219.317122	44.72135955	230.2172887	110	223.6067977	232.594067	152.3154621	241.6609195	210.2379604	155.5634919	240.8318916	266.8332813	64.03124237	120.8304597	161.5549442	53.85164807	277.3084925	102.9563014	220	198.4943324	250	98.48857802	212.6029163	148.6606875	196.468827	245.9674775	100.4987562	86.02325267	136.0147051	44.72135955	264.7640459	144.222051	224.7220505	110	80.62257748	162.788206	224.7220505	60	70	148.6606875	134.5362405
15	223.6067977	169.7056275	182.4828759	78.10249676	139.2838828	80.62257748	67.08203932	206.1552813	76.15773106	98.99494937	158.113883	100.4987562	248.394847	92.19544457	0	167.6305461	70.71067812	194.1648784	206.1552813	174.642492	228.035085	58.30951895	155.241747	85.44003745	152.6433752	226.715681	160	113.137085	161.5549442	134.1640786	116.6190379	10	193.1320792	193.1320792	110.4536102	264.0075756	183.5755975	256.1249695	84.85281374	76.15773106	248.394847	50	162.788206	155.5634919	133.4166406	90.55385138	143.1782106	183.5755975	177.2004515	72.11102551	53.85164807	219.317122	210	200	108.1665383	282.8427125	148.6606875	50.99019514	36.05551275	212.6029163	134.5362405	180.2775638	189.7366596	194.1648784	226.715681	210	233.4523506	206.1552813	186.8154169	186.8154169	200.2498439	156.2049935	130	90.55385138	50.99019514	268.7005769	160.3121954	174.642492	219.317122	228.035085	161.245155	232.594067	210.2379604	131.5294644	240.8318916	183.8477631	110	200.9975124	111.8033989	233.2380758	191.0497317	212.1320344	86.02325267	82.46211251	196.468827	230.2172887	143.1782106	60	237.0653918	164.924225
16	64.03124237	174.642492	264.1968963	100	104.4030651	90.55385138	130.3840481	252.9822128	176.9180601	150	50	72.11102551	212.1320344	90.55385138	167.6305461	0	110	60	273.1300057	90.55385138	191.0497317	136.0147051	233.2380758	82.46211251	196.977156	220.2271555	264.0075756	152.6433752	14.14213562	41.23105626	60.8276253	164.924225	121.6552506	246.9817807	64.03124237	260	40	250	100.4987562	120.4159458	240	188.6796226	20	78.10249676	36.05551275	92.19544457	82.46211251	221.3594362	10	134.5362405	172.0465053	200	305.2867504	170	70.71067812	253.179778	101.9803903	125.2996409	141.4213562	190	86.02325267	241.6609195	22.36067977	215.8703314	200.2498439	70.71067812	210.2379604	180	101.9803903	254.9509757	291.5475947	64.03124237	107.7032961	205.1828453	117.0469991	241.8677324	40	228.4731932	145.6021978	230.8679276	30	158.113883	64.03124237	228.035085	210.9502311	22.36067977	170.8800749	50	120.8304597	253.179778	76.15773106	200.2498439	134.5362405	106.3014581	104.4030651	182.4828759	31.6227766	160.3121954	78.10249676	90
17	158.113883	183.8477631	230.8679276	10	128.0624847	22.36067977	22.36067977	241.8677324	121.6552506	121.6552506	89.4427191	64.03124237	252.3885893	22.36067977	70.71067812	110	0	125.2996409	250	150	230.2172887	80	200.2498439	36.05551275	182.4828759	241.6609195	215.8703314	133.4166406	100.4987562	70.71067812	50.99019514	64.03124237	176.9180601	230.8679276	72.11102551	282.3118843	117.0469991	273.1300057	14.14213562	82.46211251	264.0075756	111.8033989	111.8033989	84.85281374	82.46211251	72.11102551	120.4159458	213.7755833	120	90.55385138	104.4030651	228.2542442	264.7640459	202.4845673	41.23105626	291.5475947	134.5362405	60	36.05551275	219.544984	64.03124237	220.2271555	130.3840481	218.4032967	233.2380758	167.6305461	241.8677324	210.9502311	164.0121947	230	253.179778	86.02325267	122.0655562	145.6021978	40	277.8488798	117.0469991	210.9502311	205.1828453	246.9817807	114.0175425	219.317122	164.924225	182.4828759	246.9817807	121.6552506	78.10249676	152.9705854	50	259.6150997	156.5247584	223.6067977	101.9803903	76.15773106	172.0465053	228.035085	80.62257748	50.99019514	170.8800749	142.126704
18	41.23105626	233.4523506	317.8049716	116.6190379	162.788206	114.0175425	139.2838828	310.4834939	222.0360331	201.246118	36.05551275	116.6190379	271.6615541	102.9563014	194.1648784	60	125.2996409	0	328.9376841	150.3329638	250.7987241	178.0449381	286.3564213	113.137085	252.9822128	280.1785145	313.8470965	206.1552813	50.99019514	64.03124237	78.10249676	188.6796226	181.1077028	303.644529	111.8033989	320	20	310	111.8033989	166.4331698	300	226.27417	80	50	85.44003745	138.9244399	141.4213562	278.9265136	60.8276253	180.2775638	212.6029163	260	357.7708764	230	86.02325267	312.5699922	161.245155	162.788206	161.245155	250	70.71067812	297.3213749	53.85164807	274.5906044	260.1922366	120.8304597	270.1851217	240	161.245155	310.1612484	344.3835072	41.23105626	164.924225	250	148.6606875	301.4962686	100	284.6049894	203.9607805	290.6888371	90	215.8703314	111.8033989	277.8488798	270.7397274	41.23105626	160	98.48857802	110.4536102	312.5699922	133.4166406	260.1922366	183.5755975	152.6433752	162.788206	241.8677324	58.30951895	167.6305461	50	150
19	335.4101966	106.3014581	28.28427125	250.1999201	170	240.8318916	260.7680962	31.6227766	131.5294644	131.5294644	300.8321791	215.8703314	145.6021978	260.7680962	206.1552813	273.1300057	250	328.9376841	0	200	143.1782106	170	50.99019514	231.9482701	76.15773106	104.4030651	64.03124237	123.6931688	278.5677655	269.2582404	264.7640459	215.8703314	183.8477631	28.28427125	218.4032967	110.4536102	310.1612484	110	260.1922366	171.1724277	110.4536102	158.113883	254.9509757	315.7530681	243.5159132	194.1648784	192.3538406	56.56854249	277.3084925	160.3121954	152.9705854	120.8304597	50.99019514	136.0147051	263.0589288	150	174.9285568	190	231.9482701	125.2996409	302.654919	31.6227766	290.6888371	72.11102551	130	256.1249695	126.4911064	130.3840481	198.4943324	20	40	308.058436	165.5294536	117.0469991	210	140.3566885	237.0653918	44.72135955	186.0107524	92.19544457	245.9674775	188.6796226	264.0075756	76.15773106	136.0147051	295.4657341	314.0063694	266.2705391	300	70	228.035085	111.8033989	151.3274595	182.4828759	205.1828453	156.5247584	272.0294102	264.7640459	348.8552709	194.1648784
20	143.1782106	94.33981132	197.9898987	142.126704	41.23105626	128.0624847	172.0465053	174.9285568	143.1782106	104.4030651	136.0147051	86.02325267	121.6552506	141.4213562	174.642492	90.55385138	150	150.3329638	200	0	100.4987562	120.4159458	170.2938637	114.0175425	127.2792206	131.5294644	208.0865205	98.48857802	101.9803903	111.8033989	122.0655562	177.2004515	31.6227766	172.0465053	78.10249676	170.2938637	130.3840481	160.3121954	148.6606875	100.4987562	150.3329638	170.2938637	70.71067812	161.5549442	80.62257748	85.44003745	31.6227766	144.222051	90	110	150.3329638	110.4536102	240.4163056	80.62257748	128.0624847	162.788206	31.6227766	123.6931688	165.5294536	100.4987562	161.245155	170.2938637	100.4987562	134.1640786	110	56.56854249	120	90.55385138	14.14213562	184.3908891	226.27417	148.6606875	50.99019514	167.6305461	130	151.3274595	50.99019514	156.2049935	58.30951895	143.1782106	60.8276253	72.11102551	64.03124237	174.9285568	120.4159458	110	226.715681	67.08203932	184.3908891	167.6305461	28.28427125	111.8033989	100.4987562	92.19544457	22.36067977	92.19544457	107.7032961	197.2308292	155.241747	10
21	240.8318916	63.2455532	155.241747	224.7220505	102.9563014	210.9502311	250	111.8033989	165.5294536	130.3840481	235.3720459	170	22.36067977	228.2542442	228.035085	191.0497317	230.2172887	250.7987241	143.1782106	100.4987562	0	170.2938637	140.3566885	197.2308292	100.4987562	42.42640687	181.1077028	116.6190379	202.2374842	208.8061302	215.4065923	234.3074903	70	117.0469991	165.5294536	72.80109889	230.8679276	63.2455532	233.2380758	155.5634919	53.85164807	201.246118	171.1724277	259.6150997	177.2004515	158.113883	117.0469991	92.19544457	190.2629759	156.2049935	183.5755975	22.36067977	193.1320792	28.28427125	219.317122	63.2455532	98.48857802	183.8477631	233.4523506	20	256.3201124	123.6931688	200	72.80109889	14.14213562	143.1782106	22.36067977	22.36067977	90	136.0147051	180.2775638	247.3863375	108.1665383	177.2004515	198.4943324	50.99019514	151.3274595	111.8033989	53.85164807	56.56854249	161.245155	50	152.9705854	160.3121954	20	210.2379604	308.058436	161.245155	272.9468813	84.85281374	120.4159458	31.6227766	142.126704	156.2049935	90.55385138	14.14213562	206.1552813	269.0724809	251.7935662	101.9803903
22	198.4943324	114.0175425	151.3274595	80.62257748	82.46211251	72.80109889	92.19544457	162.788206	44.72135955	44.72135955	144.222051	64.03124237	191.0497317	92.19544457	58.30951895	136.0147051	80	178.0449381	170	120.4159458	170.2938637	0	120.4159458	67.08203932	104.4030651	172.0465053	139.2838828	58.30951895	134.5362405	114.0175425	102.9563014	64.03124237	136.0147051	151.3274595	72.11102551	210.9502311	162.788206	202.4845673	90.55385138	20	194.1648784	53.85164807	125.2996409	152.3154621	100	44.72135955	90	136.0147051	144.222051	14.14213562	36.05551275	162.788206	186.8154169	142.126704	98.48857802	226.715681	92.19544457	20	67.08203932	155.5634919	136.0147051	140.3566885	158.113883	143.1782106	169.7056275	162.788206	176.9180601	148.6606875	131.5294644	150	174.642492	147.6482306	72.80109889	72.11102551	40	212.6029163	117.0469991	131.5294644	161.5549442	174.9285568	120.8304597	174.642492	164.924225	104.4030651	183.8477631	156.2049935	148.6606875	158.113883	130	183.8477631	140.3566885	156.2049935	28.28427125	31.6227766	141.4213562	172.0465053	120.4159458	102.9563014	212.6029163	110.4536102
23	296.8164416	85.44003745	31.6227766	200.9975124	134.5362405	192.3538406	210.2379604	56.56854249	80.62257748	85.44003745	256.3201124	170.8800749	150.3329638	212.1320344	155.241747	233.2380758	200.2498439	286.3564213	50.99019514	170.2938637	140.3566885	120.4159458	0	184.3908891	44.72135955	111.8033989	41.23105626	80.62257748	237.0653918	224.7220505	218.4032967	164.924225	161.245155	42.42640687	174.642492	134.1640786	268.3281573	130	210.9502311	123.6931688	126.4911064	107.7032961	216.3330765	269.2582404	201.246118	148.6606875	156.2049935	50.99019514	238.5372088	111.8033989	101.9803903	120	72.11102551	123.6931688	215.8703314	167.6305461	141.4213562	140.3566885	181.1077028	120.4159458	254.9509757	28.28427125	252.3885893	70.71067812	130	226.715681	130.3840481	121.6552506	172.0465053	31.6227766	58.30951895	262.488095	128.0624847	67.08203932	160.3121954	155.241747	200	31.6227766	170.8800749	104.4030651	208.0865205	177.2004515	233.4523506	28.28427125	140.3566885	255.5386468	263.0589288	233.4523506	250.1999201	94.33981132	198.4943324	110	104.4030651	136.0147051	180.2775638	151.3274595	228.4731932	213.7755833	310.6444913	162.788206
24	138.9244399	155.241747	215.8703314	28.28427125	94.33981132	14.14213562	58.30951895	220	111.8033989	100.4987562	78.10249676	28.28427125	219.544984	31.6227766	85.44003745	82.46211251	36.05551275	113.137085	231.9482701	114.0175425	197.2308292	67.08203932	184.3908891	0	160	211.896201	206.1552813	110	76.15773106	50	36.05551275	82.46211251	141.4213562	210.2379604	36.05551275	252.9822128	100	243.5159132	36.05551275	60.8276253	234.0939982	113.137085	80	85.44003745	50	41.23105626	84.85281374	190.2629759	92.19544457	72.80109889	100	196.977156	252.9822128	170	31.6227766	259.4224354	100	50	60	187.8829423	70.71067812	200.9975124	104.4030651	192.3538406	201.246118	133.4166406	210.2379604	178.8854382	128.0624847	212.1320344	240.4163056	80.62257748	89.4427191	138.9244399	36.05551275	245.9674775	82.46211251	190.2629759	169.7056275	218.4032967	80.62257748	183.8477631	131.5294644	170.8800749	214.7091055	98.48857802	113.137085	120.4159458	76.15773106	233.4523506	120.8304597	193.1320792	80.62257748	50	136.0147051	194.1648784	58.30951895	85.44003745	152.6433752	106.3014581
25	259.4224354	41.23105626	70.71067812	181.1077028	94.33981132	170.2938637	196.468827	60	78.10249676	60.8276253	225.6102835	141.4213562	114.0175425	190.2629759	152.6433752	196.977156	182.4828759	252.9822128	76.15773106	127.2792206	100.4987562	104.4030651	44.72135955	160	0	80.62257748	85.44003745	50	202.4845673	194.1648784	191.0497317	161.245155	116.6190379	50.99019514	143.1782106	113.137085	234.0939982	106.3014581	191.0497317	100.4987562	100	113.137085	178.8854382	241.8677324	167.6305461	120.4159458	116.6190379	31.6227766	201.246118	92.19544457	100	82.46211251	113.137085	80.62257748	190.2629759	138.9244399	100	123.6931688	170.8800749	80.62257748	230.2172887	44.72135955	214.7091055	42.42640687	92.19544457	183.8477631	94.86832981	80	128.0624847	58.30951895	98.99494937	233.4523506	89.4427191	80.62257748	143.1782106	125.2996409	161.245155	31.6227766	126.4911064	78.10249676	170	133.4166406	191.0497317	60	104.4030651	219.317122	252.9822128	192.0937271	231.9482701	80.62257748	155.5634919	72.80109889	80.62257748	110	136.0147051	110	196.468827	206.1552813	272.9468813	120.4159458
26	274.5906044	58.30951895	120.4159458	237.6972865	121.6552506	224.7220505	259.4224354	72.80109889	156.2049935	128.0624847	260.7680962	186.8154169	41.23105626	243.5159132	226.715681	220.2271555	241.6609195	280.1785145	104.4030651	131.5294644	42.42640687	172.0465053	111.8033989	211.896201	80.62257748	0	150.3329638	114.0175425	230	231.9482701	235.3720459	234.3074903	104.4030651	80.62257748	184.3908891	41.23105626	260.1922366	31.6227766	246.9817807	161.245155	22.36067977	192.0937271	200.2498439	282.8427125	200.9975124	170.8800749	140.3566885	60.8276253	220.9072203	158.113883	176.9180601	22.36067977	155.241747	50.99019514	237.6972865	58.30951895	120.4159458	188.6796226	238.5372088	31.6227766	276.5863337	90	231.9482701	41.23105626	28.28427125	180.2775638	22.36067977	41.23105626	123.6931688	100.4987562	143.1782106	271.6615541	123.6931688	161.245155	205.9126028	44.72135955	180.2775638	80.62257748	94.33981132	14.14213562	190.2629759	92.19544457	189.7366596	136.0147051	31.6227766	240.8318916	317.6476035	196.468827	287.923601	42.42640687	155.241747	20	144.222051	165.5294536	126.4911064	56.56854249	230.8679276	274.5906044	286.3564213	130.3840481
27	328.0243893	126.4911064	36.05551275	218.4032967	170.2938637	211.896201	222.0360331	85.44003745	94.86832981	114.0175425	281.7800561	197.2308292	190	230.8679276	160	264.0075756	215.8703314	313.8470965	64.03124237	208.0865205	181.1077028	139.2838828	41.23105626	206.1552813	85.44003745	150.3329638	0	113.137085	266.2705391	250.5992817	241.6609195	170	201.246118	72.80109889	202.4845673	167.6305461	296.8164416	164.924225	228.035085	147.6482306	162.788206	110	248.394847	291.5475947	230.2172887	174.9285568	191.0497317	90	270.1851217	134.1640786	111.8033989	160.3121954	50	164.924225	237.6972865	203.9607805	178.0449381	158.113883	191.0497317	161.245155	275.1363298	60.8276253	284.2534081	110	170.2938637	264.0075756	170	162.788206	210.9502311	53.85164807	41.23105626	286.3564213	162.788206	70.71067812	177.2004515	192.3538406	233.4523506	70	211.896201	141.4213562	240.8318916	218.4032967	270.1851217	36.05551275	180	286.0069929	270	269.0724809	264.7640459	126.4911064	236.0084744	150.3329638	130.3840481	161.245155	219.544984	192.3538406	255.5386468	220	342.0526275	200
28	216.3330765	56.56854249	111.8033989	131.5294644	58.30951895	120.4159458	148.6606875	110	50.99019514	14.14213562	177.2004515	92.19544457	136.0147051	140.3566885	113.137085	152.6433752	133.4166406	206.1552813	123.6931688	98.48857802	116.6190379	58.30951895	80.62257748	110	50	114.0175425	113.137085	0	156.5247584	145.6021978	141.4213562	120.4159458	100.4987562	100.4987562	94.86832981	152.6433752	187.8829423	144.222051	141.4213562	50.99019514	136.0147051	85.44003745	136.0147051	192.3538406	120.8304597	70.71067812	78.10249676	80.62257748	158.113883	44.72135955	67.08203932	106.3014581	152.6433752	89.4427191	140.3566885	169.7056275	67.08203932	76.15773106	125.2996409	100	180.2775638	92.19544457	172.0465053	85.44003745	114.0175425	152.6433752	120.4159458	94.33981132	104.4030651	104.4030651	138.9244399	184.3908891	50	70.71067812	94.86832981	155.5634919	120.4159458	80.62257748	120.4159458	116.6190379	128.0624847	131.5294644	158.113883	78.10249676	128.0624847	174.9285568	206.1552813	156.2049935	182.4828759	126.4911064	125.2996409	98.99494937	31.6227766	60	114.0175425	120.8304597	148.6606875	161.245155	230.2172887	89.4427191
29	64.03124237	182.4828759	268.3281573	90.55385138	111.8033989	82.46211251	120	259.6150997	176.9180601	152.6433752	36.05551275	70.71067812	223.6067977	80	161.5549442	14.14213562	100.4987562	50.99019514	278.5677655	101.9803903	202.2374842	134.5362405	237.0653918	76.15773106	202.4845673	230	266.2705391	156.5247584	0	30	50	158.113883	133.4166406	252.9822128	64.03124237	270.1851217	31.6227766	260.1922366	90	120.4159458	250.1999201	186.0107524	31.6227766	64.03124237	36.05551275	92.19544457	90.55385138	228.035085	22.36067977	134.5362405	170.2938637	210.2379604	308.8689042	180.2775638	60	264.7640459	110.4536102	122.0655562	133.4166406	200.2498439	72.11102551	246.9817807	30	223.6067977	210.9502311	84.85281374	220.9072203	190.2629759	114.0175425	260	295.2964612	50	114.0175425	205.1828453	111.8033989	253.179778	50.99019514	234.0939982	158.113883	240.208243	41.23105626	170.8800749	78.10249676	230.2172887	222.0360331	22.36067977	158.113883	64.03124237	107.7032961	261.7250466	89.4427191	210	136.0147051	106.3014581	117.0469991	194.1648784	20	150	78.10249676	100.4987562
30	89.4427191	180	256.3201124	60.8276253	110.4536102	53.85164807	90	253.179778	158.113883	139.2838828	31.6227766	53.85164807	230.8679276	50	134.1640786	41.23105626	70.71067812	64.03124237	269.2582404	111.8033989	208.8061302	114.0175425	224.7220505	50	194.1648784	231.9482701	250.5992817	145.6021978	30	0	20	130	143.1782106	245.1530134	50.99019514	272.9468813	50	263.0589288	60	102.9563014	253.179778	162.788206	50	50.99019514	31.6227766	76.15773106	92.19544457	222.0360331	50.99019514	116.6190379	148.6606875	213.7755833	295.4657341	184.3908891	30	272.0294102	111.8033989	98.99494937	104.4030651	203.9607805	50	237.6972865	60	220.2271555	215.8703314	108.1665383	225.6102835	194.1648784	125.2996409	250	282.3118843	40	110	186.0107524	86.02325267	259.6150997	64.03124237	225.6102835	170	240.8318916	56.56854249	183.5755975	102.9563014	214.7091055	228.035085	50.99019514	130	89.4427191	80.62257748	260	106.3014581	212.1320344	120.8304597	89.4427191	130.3840481	202.4845673	10	120	102.9563014	107.7032961
31	107.7032961	181.1077028	250	41.23105626	114.0175425	36.05551275	70	250.7987241	147.6482306	133.4166406	42.42640687	50	237.6972865	30	116.6190379	60.8276253	50.99019514	78.10249676	264.7640459	122.0655562	215.4065923	102.9563014	218.4032967	36.05551275	191.0497317	235.3720459	241.6609195	141.4213562	50	20	0	111.8033989	152.6433752	241.8677324	50.99019514	276.5863337	67.08203932	266.8332813	40	94.86832981	257.0992026	148.6606875	67.08203932	50.99019514	42.42640687	70.71067812	98.48857802	220.2271555	70.71067812	107.7032961	136.0147051	218.4032967	287.923601	189.7366596	10	278.5677655	117.0469991	86.02325267	85.44003745	208.8061302	41.23105626	233.4523506	80	220.2271555	221.3594362	125.2996409	230.8679276	199.2485885	136.0147051	245.1530134	275.1363298	44.72135955	111.8033989	174.9285568	70.71067812	265.7066051	78.10249676	222.0360331	180.2775638	243.3105012	72.11102551	194.1648784	120.8304597	206.1552813	234.0939982	70.71067812	111.8033989	107.7032961	64.03124237	260.7680962	120.4159458	215.8703314	114.0175425	82.46211251	142.126704	210.2379604	30	100	120.8304597	116.6190379
32	219.317122	176.9180601	192.3538406	72.11102551	143.1782106	76.15773106	58.30951895	215.4065923	85.44003745	106.3014581	152.6433752	100	254.9509757	86.02325267	10	164.924225	64.03124237	188.6796226	215.8703314	177.2004515	234.3074903	64.03124237	164.924225	82.46211251	161.245155	234.3074903	170	120.4159458	158.113883	130	111.8033989	0	196.977156	202.4845673	110	272.0294102	178.8854382	264.0075756	78.10249676	80.62257748	256.1249695	60	161.245155	148.6606875	131.5294644	92.19544457	145.6021978	192.3538406	174.642492	78.10249676	63.2455532	226.27417	220	206.1552813	102.9563014	290	152.3154621	53.85164807	28.28427125	219.317122	127.2792206	189.7366596	186.8154169	202.4845673	233.4523506	210.2379604	240.4163056	212.6029163	189.7366596	196.468827	210.2379604	150	134.1640786	100.4987562	50	275.8622845	160	183.8477631	223.6067977	236.0084744	160.3121954	237.0653918	210	141.4213562	247.5883681	180.2775638	100	200.2498439	102.9563014	241.8677324	192.3538406	219.317122	92.19544457	85.44003745	199.2485885	236.0084744	139.2838828	50	232.594067	167.6305461
