param n=100;
param m=6;
param K = 18;
param Q = 60;
param L =38;
param HC:=
1 226.378
2 268.897
3 218.541
4 245.383
5 167.406
6 225.084;

param o:
	1	2	3	4	5	6	7	8	9	10	11	12	13	14	15	16	17	18	19	20	21	22	23	24	25	26	27	28	29	30	31	32	33	34	35	36	37	38	39	40	41	42	43	44	45	46	47	48	49	50	51	52	53	54	55	56	57	58	59	60	61	62	63	64	65	66	67	68	69	70	71	72	73	74	75	76	77	78	79	80	81	82	83	84	85	86	87	88	89	90	91	92	93	94	95	96	97	98	99	100:=
1	114.0175425	180.2775638	167.6305461	230.2172887	158.113883	94.33981132	50	202.2374842	205.1828453	67.08203932	222.0360331	241.8677324	178.0449381	184.3908891	152.3154621	130	181.1077028	85.44003745	269.2582404	80.62257748	111.8033989	113.137085	165.5294536	123.6931688	78.10249676	80.62257748	94.86832981	41.23105626	152.9705854	82.46211251	140.3566885	155.5634919	192.3538406	238.5372088	92.19544457	141.4213562	76.15773106	194.1648784	140.3566885	188.6796226	82.46211251	110	180.2775638	133.4166406	70.71067812	60.8276253	70.71067812	56.56854249	147.6482306	216.3330765	152.6433752	104.4030651	230.2172887	148.6606875	187.8829423	252.9822128	133.4166406	292.0616373	190	166.4331698	220.2271555	50	162.788206	60	28.28427125	208.0865205	36.05551275	100	104.4030651	120.8304597	219.544984	203.9607805	264.0075756	140	156.2049935	125.2996409	110	148.6606875	141.4213562	152.9705854	143.1782106	28.28427125	236.0084744	14.14213562	160	50	151.3274595	210.2379604	128.0624847	172.626765	180.2775638	182.4828759	156.2049935	50	172.626765	245.9674775	107.7032961	145.6021978	120.4159458	60
2	85.44003745	70.71067812	139.2838828	111.8033989	53.85164807	60	89.4427191	144.222051	76.15773106	120.8304597	101.9803903	178.8854382	42.42640687	80.62257748	36.05551275	130.3840481	134.5362405	178.8854382	152.9705854	56.56854249	63.2455532	30	80.62257748	89.4427191	63.2455532	70.71067812	80.62257748	126.4911064	117.0469991	90	94.86832981	30	136.0147051	121.6552506	63.2455532	104.4030651	117.0469991	130.3840481	76.15773106	53.85164807	67.08203932	114.0175425	152.3154621	111.8033989	80.62257748	101.9803903	143.1782106	138.9244399	22.36067977	80.62257748	20	110.4536102	192.0937271	42.42640687	60	162.788206	94.33981132	165.5294536	155.5634919	31.6227766	94.86832981	130.3840481	113.137085	178.0449381	134.5362405	90.55385138	139.2838828	50	82.46211251	30	110	138.9244399	139.2838828	85.44003745	22.36067977	58.30951895	80	133.4166406	143.1782106	106.3014581	100	143.1782106	100	138.9244399	136.0147051	144.222051	107.7032961	111.8033989	10	125.2996409	98.99494937	128.0624847	41.23105626	114.0175425	120.4159458	140	41.23105626	123.6931688	90.55385138	94.33981132
3	191.0497317	189.7366596	20	222.0360331	174.642492	155.5634919	147.6482306	264.1968963	181.1077028	100	212.1320344	299.6664813	141.4213562	72.80109889	92.19544457	44.72135955	252.3885893	139.2838828	260.7680962	114.0175425	170.2938637	136.0147051	201.246118	198.4943324	142.126704	156.2049935	176.9180601	183.8477631	10	178.0449381	28.28427125	148.6606875	30	231.9482701	86.02325267	22.36067977	90	250.5992817	44.72135955	130	94.33981132	212.6029163	31.6227766	30	98.48857802	174.9285568	111.8033989	120.4159458	104.4030651	151.3274595	114.0175425	60	310.6444913	82.46211251	110.4536102	281.6025568	206.1552813	260.7680962	272.0294102	121.6552506	200.9975124	120	230.2172887	162.788206	140.3566885	203.9607805	189.7366596	148.6606875	183.8477631	94.33981132	225.6102835	259.4224354	240	36.05551275	136.0147051	172.0465053	58.30951895	28.28427125	247.5883681	222.0360331	214.0093456	186.8154169	172.626765	174.642492	248.394847	130.3840481	14.14213562	230.8679276	125.2996409	10	44.72135955	246.9817807	161.5549442	178.8854382	238.5372088	254.9509757	92.19544457	22.36067977	44.72135955	104.4030651
4	100	156.5247584	143.1782106	205.9126028	134.1640786	72.80109889	30	190	178.0449381	50	197.2308292	230	148.6606875	152.9705854	120.8304597	108.1665383	170.2938637	90	245.9674775	50	92.19544457	86.02325267	145.6021978	110	53.85164807	60.8276253	80	50	126.4911064	70.71067812	111.8033989	128.0624847	164.924225	214.7091055	60.8276253	114.0175425	56.56854249	180.2775638	110	158.113883	50.99019514	104.4030651	156.5247584	107.7032961	40	53.85164807	63.2455532	50.99019514	116.6190379	186.0107524	122.0655562	80.62257748	223.6067977	117.0469991	156.5247584	235.3720459	120	266.2705391	182.4828759	136.0147051	194.1648784	41.23105626	150	76.15773106	31.6227766	183.5755975	53.85164807	76.15773106	90	89.4427191	196.977156	190.2629759	238.5372088	110.4536102	127.2792206	104.4030651	80.62257748	125.2996409	139.2838828	140	130	50.99019514	206.1552813	40	152.9705854	50	123.6931688	189.7366596	98.99494937	145.6021978	150	170	130.3840481	50	160	224.7220505	76.15773106	120.8304597	92.19544457	31.6227766
5	248.394847	246.9817807	42.42640687	276.5863337	232.594067	212.6029163	200	322.4903099	235.3720459	139.2838828	266.8332813	357.7708764	196.468827	120.4159458	148.6606875	76.15773106	310.6444913	160	314.0063694	169.7056275	228.035085	194.1648784	259.4224354	256.1249695	197.9898987	212.1320344	233.4523506	233.2380758	64.03124237	233.4523506	86.02325267	206.1552813	50	286.3564213	141.4213562	78.10249676	130	308.8689042	102.9563014	182.4828759	148.6606875	268.7005769	28.28427125	78.10249676	150	228.035085	143.1782106	155.241747	161.5549442	200.2498439	170.8800749	102.9563014	368.9173349	139.2838828	161.245155	338.3784863	264.0075756	310.1612484	330.1514804	177.2004515	254.9509757	158.113883	288.444102	191.0497317	180.2775638	259.6150997	237.0653918	206.1552813	240.8318916	152.6433752	281.6025568	317.6476035	291.5475947	94.33981132	193.1320792	230.2172887	113.137085	58.30951895	304.1381265	280.1785145	272.0294102	232.594067	220	219.317122	306.1045573	164.924225	72.11102551	287.923601	183.5755975	53.85164807	90.55385138	305.2867504	219.317122	230.2172887	296.8164416	310.4834939	150	64.03124237	98.99494937	152.6433752
6	56.56854249	110	262.488095	145.6021978	101.9803903	92.19544457	117.0469991	64.03124237	150	193.1320792	143.1782106	98.48857802	155.241747	219.544984	174.9285568	238.5372088	42.42640687	233.4523506	170	136.0147051	78.10249676	114.0175425	80	50	108.1665383	94.33981132	72.11102551	110	240.8318916	76.15773106	219.317122	126.4911064	269.0724809	148.6606875	164.0121947	226.715681	196.977156	64.03124237	205.1828453	177.2004515	158.113883	41.23105626	276.5863337	228.035085	161.245155	92.19544457	208.8061302	196.468827	161.245155	192.3538406	156.5247584	210.9502311	80	180.2775638	193.1320792	127.2792206	44.72135955	206.1552813	41.23105626	161.5549442	151.3274595	186.8154169	41.23105626	210.2379604	172.626765	131.5294644	120.4159458	98.99494937	64.03124237	156.2049935	126.4911064	70.71067812	180.2775638	212.1320344	139.2838828	80.62257748	192.0937271	250	14.14213562	40	41.23105626	130.3840481	200.2498439	140	14.14213562	194.1648784	233.4523506	107.7032961	130.3840481	254.5584412	236.0084744	50	114.0175425	100.4987562	44.72135955	138.9244399	155.5634919	242.0743687	206.1552813	165.5294536;

param cost:
	1	2	3	4	5	6	7	8	9	10	11	12	13	14	15	16	17	18	19	20	21	22	23	24	25	26	27	28	29	30	31	32	33	34	35	36	37	38	39	40	41	42	43	44	45	46	47	48	49	50	51	52	53	54	55	56	57	58	59	60	61	62	63	64	65	66	67	68	69	70	71	72	73	74	75	76	77	78	79	80	81	82	83	84	85	86	87	88	89	90	91	92	93	94	95	96	97	98	99	100:=
1	0	80.62257748	206.1552813	128.0624847	63.2455532	36.05551275	70	90	117.0469991	143.1782106	122.0655562	130	110	165.5294536	120.8304597	183.5755975	70.71067812	190	162.788206	80.62257748	22.36067977	58.30951895	56.56854249	10	53.85164807	41.23105626	20	80.62257748	184.3908891	31.6227766	162.788206	80	212.6029163	134.5362405	108.1665383	170.2938637	145.6021978	80.62257748	148.6606875	130.3840481	102.9563014	30	220.2271555	172.0465053	107.7032961	53.85164807	161.245155	150.3329638	107.7032961	150.3329638	104.4030651	156.5247584	126.4911064	125.2996409	143.1782106	139.2838828	20	192.0937271	85.44003745	111.8033989	125.2996409	140.3566885	50	172.626765	130.3840481	108.1665383	94.33981132	42.42640687	10	100	113.137085	90.55385138	164.0121947	155.5634919	90.55385138	30	136.0147051	194.1648784	58.30951895	40	30	102.9563014	162.788206	107.7032961	58.30951895	150	176.9180601	100	76.15773106	197.9898987	180.2775638	70	70.71067812	67.08203932	60	136.0147051	98.99494937	186.0107524	150	114.0175425
2	80.62257748	0	208.8061302	50	22.36067977	86.02325267	130.3840481	86.02325267	40	184.3908891	42.42640687	114.0175425	56.56854249	136.0147051	98.48857802	200.9975124	85.44003745	240.4163056	89.4427191	114.0175425	70.71067812	72.80109889	30	76.15773106	102.9563014	100	92.19544457	155.5634919	186.8154169	106.3014581	164.924225	41.23105626	201.246118	58.30951895	130.3840481	174.642492	182.4828759	72.11102551	145.6021978	78.10249676	131.5294644	107.7032961	221.3594362	182.4828759	143.1782106	127.2792206	206.1552813	199.2485885	85.44003745	85.44003745	76.15773106	180	136.0147051	107.7032961	98.99494937	92.19544457	72.80109889	113.137085	107.7032961	72.11102551	44.72135955	189.7366596	70.71067812	232.594067	187.8829423	28.28427125	169.7056275	80.62257748	86.02325267	100.4987562	41.23105626	78.10249676	84.85281374	155.241747	53.85164807	56.56854249	150.3329638	203.9607805	120.4159458	70	70.71067812	176.9180601	90.55385138	178.0449381	100.4987562	202.4845673	177.2004515	41.23105626	70	193.1320792	161.245155	76.15773106	30	141.4213562	72.80109889	70.71067812	110	194.1648784	161.245155	155.241747
3	206.1552813	208.8061302	0	241.8677324	193.1320792	170.2938637	158.113883	281.7800561	200.9975124	101.9803903	231.9482701	317.8049716	161.245155	92.19544457	111.8033989	40	269.2582404	133.4166406	280.713377	127.2792206	186.0107524	152.6433752	219.317122	214.0093456	155.5634919	169.7056275	191.0497317	192.3538406	22.36067977	191.0497317	44.72135955	167.6305461	36.05551275	251.7935662	98.99494937	36.05551275	92.19544457	268.3281573	63.2455532	150	106.3014581	226.27417	14.14213562	36.05551275	108.1665383	186.0107524	110	120.4159458	123.6931688	171.1724277	133.4166406	63.2455532	327.5667871	101.9803903	130.3840481	300.8321791	222.0360331	280.713377	288.444102	141.4213562	220.9072203	121.6552506	246.9817807	160.3121954	143.1782106	223.6067977	196.977156	164.0121947	198.4943324	111.8033989	245.1530134	277.3084925	260	53.85164807	155.241747	188.6796226	70.71067812	20	261.7250466	238.5372088	230.2172887	193.1320792	192.3538406	180.2775638	264.0075756	130.3840481	31.6227766	250	143.1782106	22.36067977	63.2455532	264.1968963	180.2775638	188.6796226	255.5386468	274.5906044	108.1665383	22.36067977	56.56854249	111.8033989
4	128.0624847	50	241.8677324	0	72.11102551	136.0147051	180.2775638	100.4987562	41.23105626	230.8679276	10	111.8033989	80.62257748	158.113883	130.3840481	240.208243	110.4536102	287.923601	41.23105626	161.5549442	120.4159458	120.8304597	72.11102551	122.0655562	152.6433752	150	141.4213562	205.1828453	220.9072203	155.5634919	200.2498439	82.46211251	228.035085	10	174.642492	210.2379604	228.035085	90	180.2775638	94.86832981	177.2004515	152.6433752	253.179778	220	189.7366596	176.9180601	252.9822128	246.9817807	120	86.02325267	110	222.0360331	145.6021978	140.3566885	117.0469991	70.71067812	116.6190379	64.03124237	130	100.4987562	22.36067977	237.6972865	104.4030651	281.7800561	237.0653918	22.36067977	219.317122	130.3840481	134.5362405	141.4213562	20	90.55385138	36.05551275	190.2629759	90.55385138	106.3014581	191.0497317	240.208243	158.113883	107.7032961	111.8033989	226.715681	78.10249676	228.035085	133.4166406	250.7987241	210.9502311	40	114.0175425	223.6067977	186.8154169	100.4987562	76.15773106	191.0497317	101.9803903	36.05551275	152.9705854	230.2172887	200.2498439	202.4845673
5	63.2455532	22.36067977	193.1320792	72.11102551	0	64.03124237	108.1665383	92.19544457	53.85164807	162.788206	64.03124237	125.2996409	53.85164807	127.2792206	86.02325267	182.4828759	86.02325267	218.4032967	111.8033989	92.19544457	50	50.99019514	28.28427125	60.8276253	80.62257748	78.10249676	72.11102551	134.5362405	170.8800749	86.02325267	148.6606875	28.28427125	188.6796226	80.62257748	110	158.113883	161.245155	78.10249676	130	76.15773106	110.4536102	92.19544457	206.1552813	164.924225	121.6552506	106.3014581	184.3908891	177.2004515	72.11102551	90.55385138	64.03124237	160.3121954	141.4213562	94.33981132	94.33981132	110.4536102	60	134.5362405	108.1665383	64.03124237	64.03124237	167.6305461	67.08203932	210.2379604	165.5294536	50	148.6606875	58.30951895	67.08203932	82.46211251	63.2455532	86.02325267	106.3014581	139.2838828	42.42640687	36.05551275	131.5294644	186.8154169	110.4536102	63.2455532	60.8276253	155.5634919	100.4987562	156.2049935	94.86832981	180.2775638	161.5549442	60	50.99019514	178.8854382	150	78.10249676	14.14213562	120.4159458	72.11102551	92.19544457	90.55385138	177.2004515	143.1782106	133.4166406
6	36.05551275	86.02325267	170.2938637	136.0147051	64.03124237	0	44.72135955	121.6552506	114.0175425	110.4536102	128.0624847	161.245155	94.86832981	136.0147051	92.19544457	147.6482306	104.4030651	161.245155	174.9285568	44.72135955	20	30	72.80109889	44.72135955	20	14.14213562	22.36067977	72.11102551	148.6606875	30	127.2792206	67.08203932	178.0449381	144.222051	72.11102551	134.5362405	111.8033989	110.4536102	114.0175425	111.8033989	67.08203932	58.30951895	184.3908891	136.0147051	72.80109889	44.72135955	130	120.4159458	80.62257748	136.0147051	80	120.8304597	161.5549442	94.86832981	120	162.788206	53.85164807	198.4943324	120.8304597	90.55385138	127.2792206	110.4536102	82.46211251	148.6606875	104.4030651	114.0175425	86.02325267	10	28.28427125	67.08203932	125.2996409	120.4159458	170.2938637	120.4159458	72.80109889	31.6227766	100	158.113883	92.19544457	72.80109889	63.2455532	92.19544457	152.3154621	92.19544457	94.33981132	121.6552506	141.4213562	117.0469991	50	162.788206	147.6482306	101.9803903	64.03124237	58.30951895	92.19544457	152.3154621	64.03124237	150	114.0175425	80.62257748
7	70	130.3840481	158.113883	180.2775638	108.1665383	44.72135955	0	160	155.5634919	76.15773106	172.0465053	200	130.3840481	150	111.8033989	127.2792206	140.3566885	120	219.544984	40	63.2455532	64.03124237	117.0469991	80	28.28427125	31.6227766	50	40	138.9244399	41.23105626	120.8304597	106.3014581	174.642492	188.6796226	63.2455532	125.2996409	80.62257748	150.3329638	114.0175425	143.1782106	53.85164807	76.15773106	172.0465053	122.0655562	50	28.28427125	92.19544457	80.62257748	104.4030651	170	107.7032961	98.99494937	194.1648784	110.4536102	145.6021978	206.1552813	90	242.0743687	152.9705854	120.8304597	170.2938637	70.71067812	120	104.4030651	60.8276253	158.113883	50.99019514	50	60	80.62257748	170	160.3121954	214.0093456	117.0469991	108.1665383	76.15773106	89.4427191	142.126704	111.8033989	110	100	53.85164807	188.6796226	50	123.6931688	80	134.1640786	161.5549442	80.62257748	156.5247584	152.9705854	140	106.3014581	31.6227766	130	196.977156	70	136.0147051	102.9563014	50
8	90	86.02325267	281.7800561	100.4987562	92.19544457	121.6552506	160	0	120.8304597	231.9482701	101.9803903	40	142.126704	219.317122	178.0449381	265.7066051	22.36067977	280	114.0175425	164.924225	101.9803903	130	64.03124237	80	141.4213562	130.3840481	110	164.924225	259.4224354	120.4159458	237.0653918	120.4159458	280.1785145	100	189.7366596	245.9674775	233.4523506	14.14213562	219.544984	164.0121947	186.8154169	94.86832981	295.2964612	250.7987241	194.1648784	141.4213562	250.7987241	240.208243	164.0121947	170	156.2049935	240.4163056	50	186.0107524	184.3908891	64.03124237	70	152.9705854	31.6227766	155.5634919	114.0175425	230.2172887	40	261.7250466	220.2271555	94.86832981	177.2004515	123.6931688	100	170	80.62257748	10	130.3840481	228.2542442	134.5362405	94.86832981	215.4065923	273.1300057	78.10249676	50	60	186.8154169	170.8800749	194.1648784	50	240	250.5992817	60.8276253	138.9244399	269.2582404	242.0743687	20	106.3014581	152.9705854	30	82.46211251	174.642492	264.0075756	228.4731932	202.2374842
9	117.0469991	40	200.9975124	41.23105626	53.85164807	114.0175425	155.5634919	120.8304597	0	196.977156	31.6227766	142.126704	40	117.0469991	90	200.9975124	123.6931688	254.9509757	80	130.3840481	102.9563014	92.19544457	70	114.0175425	127.2792206	128.0624847	125.2996409	186.0107524	180.2775638	138.9244399	160	50	186.8154169	50.99019514	139.2838828	170	193.1320792	107.7032961	140	53.85164807	143.1782106	145.6021978	212.1320344	180.2775638	156.5247584	158.113883	219.317122	214.7091055	80.62257748	50	70.71067812	184.3908891	170	100	76.15773106	108.1665383	111.8033989	89.4427191	145.6021978	60	20	205.9126028	110.4536102	252.3885893	208.0865205	28.28427125	200	106.3014581	120.8304597	104.4030651	50	111.8033989	63.2455532	150	53.85164807	89.4427191	152.9705854	200	160.3121954	110	110.4536102	206.1552813	50.99019514	205.1828453	140.3566885	219.544984	170.2938637	64.03124237	80.62257748	182.4828759	145.6021978	114.0175425	50	172.0465053	111.8033989	76.15773106	117.0469991	190	161.245155	170
10	143.1782106	184.3908891	101.9803903	230.8679276	162.788206	110.4536102	76.15773106	231.9482701	196.977156	0	221.3594362	271.6615541	161.245155	138.9244399	120.4159458	63.2455532	213.7755833	58.30951895	272.0294102	70.71067812	130.3840481	111.8033989	180.2775638	152.9705854	90.55385138	101.9803903	123.6931688	98.99494937	90	117.0469991	82.46211251	148.6606875	130	240.4163056	58.30951895	80.62257748	10	220.9072203	89.4427191	164.0121947	53.85164807	152.3154621	114.0175425	70	41.23105626	102.9563014	22.36067977	22.36067977	122.0655562	192.0937271	130.3840481	40	269.2582404	113.137085	155.5634919	270.7397274	162.788206	286.3564213	228.035085	144.222051	215.4065923	20	192.3538406	67.08203932	41.23105626	208.8061302	100	110	133.4166406	94.33981132	225.6102835	230.8679276	260	85.44003745	143.1782106	140	58.30951895	82.46211251	187.8829423	182.4828759	172.626765	94.33981132	214.0093456	80.62257748	199.2485885	31.6227766	90.55385138	222.0360331	117.0469991	110	126.4911064	212.1320344	155.241747	100	202.2374842	254.9509757	80.62257748	80.62257748	63.2455532	30
11	122.0655562	42.42640687	231.9482701	10	64.03124237	128.0624847	172.0465053	101.9803903	31.6227766	221.3594362	0	116.6190379	70.71067812	148.6606875	120.4159458	230.2172887	110	278.5677655	50.99019514	152.3154621	113.137085	111.8033989	67.08203932	116.6190379	144.222051	142.126704	134.5362405	197.9898987	210.9502311	148.6606875	190.2629759	72.80109889	218.4032967	20	164.924225	200.2498439	218.4032967	90.55385138	170.2938637	85.44003745	167.6305461	147.6482306	243.3105012	210	180.2775638	169.7056275	243.5159132	237.6972865	110	78.10249676	100	212.1320344	148.6606875	130.3840481	107.7032961	78.10249676	111.8033989	70.71067812	130.3840481	90.55385138	14.14213562	228.4731932	101.9803903	272.9468813	228.2542442	14.14213562	212.1320344	122.0655562	128.0624847	131.5294644	22.36067977	92.19544457	42.42640687	180.2775638	80.62257748	98.99494937	181.1077028	230.2172887	155.241747	104.4030651	107.7032961	219.317122	72.11102551	220.2271555	131.5294644	241.6609195	200.9975124	41.23105626	104.4030651	213.7755833	177.2004515	100	67.08203932	183.8477631	100.4987562	44.72135955	143.1782106	220.2271555	190.2629759	193.1320792
12	130	114.0175425	317.8049716	111.8033989	125.2996409	161.245155	200	40	142.126704	271.6615541	116.6190379	0	170.2938637	250	210.9502311	303.644529	60.8276253	320	110.4536102	203.9607805	141.4213562	167.6305461	98.48857802	120	181.1077028	170.2938637	150	203.9607805	295.4657341	160.3121954	273.1300057	152.6433752	313.8470965	107.7032961	228.035085	282.3118843	272.9468813	50.99019514	254.9509757	191.0497317	225.6102835	133.4166406	331.0589071	287.923601	233.4523506	181.1077028	290.6888371	280.1785145	197.2308292	192.0937271	188.6796226	278.9265136	41.23105626	219.544984	212.6029163	50	110	150.3329638	58.30951895	186.0107524	130.3840481	270.1851217	80	301.4962686	260.1922366	114.0175425	215.8703314	162.788206	140	206.1552813	94.33981132	41.23105626	133.4166406	264.0075756	166.4331698	133.4166406	252.9822128	310.1612484	111.8033989	90	100	225.6102835	188.6796226	233.4523506	85.44003745	280	286.3564213	78.10249676	174.642492	304.1381265	274.5906044	60	138.9244399	192.3538406	70	82.46211251	211.896201	300.8321791	265.7066051	241.8677324
13	110	56.56854249	161.245155	80.62257748	53.85164807	94.86832981	130.3840481	142.126704	40	161.245155	70.71067812	170.2938637	0	80.62257748	50	161.245155	138.9244399	219.544984	120	98.99494937	90.55385138	67.08203932	80.62257748	110.4536102	102.9563014	107.7032961	111.8033989	165.5294536	140.3566885	123.6931688	120	30	148.6606875	90.55385138	102.9563014	130	156.5247584	128.0624847	100	22.36067977	108.1665383	140	172.626765	140.3566885	122.0655562	139.2838828	183.5755975	180.2775638	41.23105626	41.23105626	31.6227766	145.6021978	192.0937271	60	42.42640687	143.1782106	111.8033989	126.4911064	161.245155	20	60	172.0465053	120.8304597	220.2271555	176.9180601	63.2455532	178.8854382	85.44003745	110.4536102	67.08203932	85.44003745	134.5362405	101.9803903	110	22.36067977	80	114.0175425	160	162.788206	117.0469991	114.0175425	183.5755975	58.30951895	180.2775638	148.6606875	186.0107524	130.3840481	94.33981132	50	143.1782106	107.7032961	130.3840481	41.23105626	152.3154621	125.2996409	114.0175425	80.62257748	150	121.6552506	136.0147051
14	165.5294536	136.0147051	92.19544457	158.113883	127.2792206	136.0147051	150	219.317122	117.0469991	138.9244399	148.6606875	250	80.62257748	0	44.72135955	108.1665383	212.6029163	192.0937271	194.1648784	110	143.1782106	107.7032961	155.5634919	170	131.5294644	143.1782106	158.113883	190	76.15773106	164.924225	64.03124237	98.99494937	70.71067812	167.6305461	92.19544457	72.11102551	130.3840481	205.1828453	50	63.2455532	101.9803903	193.1320792	100.4987562	86.02325267	114.0175425	171.1724277	158.113883	161.245155	58.30951895	80	64.03124237	106.3014581	268.7005769	41.23105626	41.23105626	223.6067977	174.9285568	190	234.3074903	64.03124237	136.0147051	156.5247584	192.0937271	205.9126028	170.8800749	143.1782106	200.2498439	126.4911064	161.5549442	70.71067812	165.5294536	212.6029163	171.1724277	56.56854249	84.85281374	138.9244399	80.62257748	98.48857802	223.6067977	186.0107524	180.2775638	200.9975124	100.4987562	192.3538406	216.3330765	170	67.08203932	174.9285568	89.4427191	70.71067812	30	205.1828453	113.137085	180.2775638	198.4943324	193.1320792	80	89.4427191	78.10249676	126.4911064
15	120.8304597	98.48857802	111.8033989	130.3840481	86.02325267	92.19544457	111.8033989	178.0449381	90	120.4159458	120.4159458	210.9502311	50	44.72135955	0	111.8033989	169.7056275	178.0449381	170	72.80109889	98.48857802	63.2455532	114.0175425	125.2996409	90	100.4987562	114.0175425	151.3274595	90.55385138	121.6552506	70	58.30951895	102.9563014	140.3566885	64.03124237	80	114.0175425	164.0121947	50	44.72135955	72.11102551	148.6606875	123.6931688	90.55385138	86.02325267	130	142.126704	141.4213562	14.14213562	72.11102551	22.36067977	98.48857802	226.715681	10	36.05551275	189.7366596	130.3840481	174.642492	191.0497317	30	110	134.5362405	148.6606875	184.3908891	144.222051	111.8033989	162.788206	82.46211251	117.0469991	31.6227766	133.4166406	172.0465053	151.3274595	60	44.72135955	94.33981132	67.08203932	110	178.8854382	142.126704	136.0147051	164.924225	94.33981132	158.113883	172.0465053	148.6606875	80.62257748	139.2838828	44.72135955	94.86832981	64.03124237	162.788206	72.11102551	140.3566885	155.5634919	162.788206	44.72135955	100	72.80109889	100
16	183.5755975	200.9975124	40	240.208243	182.4828759	147.6482306	127.2792206	265.7066051	200.9975124	63.2455532	230.2172887	303.644529	161.245155	108.1665383	111.8033989	0	250.7987241	94.86832981	280.713377	102.9563014	165.5294536	136.0147051	206.1552813	192.3538406	130.3840481	144.222051	166.4331698	158.113883	36.05551275	164.0121947	44.72135955	160.3121954	72.80109889	250.1999201	76.15773106	36.05551275	53.85164807	252.9822128	63.2455532	155.241747	80.62257748	200	50.99019514	22.36067977	78.10249676	155.5634919	70	80.62257748	120.4159458	180.2775638	130.3840481	28.28427125	308.7069808	101.9803903	139.2838828	292.7456234	201.246118	286.3564213	268.3281573	141.4213562	220.9072203	82.46211251	228.4731932	120.4159458	104.4030651	220	161.245155	143.1782106	174.9285568	100.4987562	240.208243	262.488095	263.0589288	53.85164807	150	170.8800749	50.99019514	20	236.0084744	219.317122	210.2379604	156.5247584	202.4845673	143.1782106	241.8677324	90.55385138	42.42640687	241.8677324	131.5294644	53.85164807	84.85281374	246.9817807	171.1724277	156.2049935	237.6972865	270.1851217	92.19544457	22.36067977	40	78.10249676
17	70.71067812	85.44003745	269.2582404	110.4536102	86.02325267	104.4030651	140.3566885	22.36067977	123.6931688	213.7755833	110	60.8276253	138.9244399	212.6029163	169.7056275	250.7987241	0	260.1922366	130	148.6606875	85.44003745	116.6190379	58.30951895	60.8276253	123.6931688	111.8033989	90.55385138	143.1782106	246.9817807	100	224.7220505	114.0175425	270.1851217	111.8033989	174.642492	233.2380758	215.8703314	22.36067977	208.0865205	161.245155	170.8800749	72.80109889	283.019434	237.0653918	177.2004515	120.4159458	231.9482701	220.9072203	155.5634919	170.8800749	148.6606875	224.7220505	58.30951895	176.9180601	180.2775638	84.85281374	50.99019514	167.6305461	22.36067977	150	120.4159458	210.9502311	22.36067977	240.8318916	200	100.4987562	155.241747	107.7032961	80.62257748	158.113883	90.55385138	28.28427125	143.1782106	216.3330765	128.0624847	80.62257748	201.246118	259.4224354	56.56854249	31.6227766	41.23105626	164.924225	174.642492	172.626765	28.28427125	220.2271555	238.5372088	70.71067812	128.0624847	258.069758	233.4523506	10	100	131.5294644	14.14213562	98.48857802	161.245155	250.5992817	214.7091055	184.3908891
18	190	240.4163056	133.4166406	287.923601	218.4032967	161.245155	120	280	254.9509757	58.30951895	278.5677655	320	219.544984	192.0937271	178.0449381	94.86832981	260.1922366	0	328.9376841	126.4911064	181.1077028	167.6305461	233.4523506	200	141.4213562	150.3329638	170	126.4911064	130	160.3121954	130.3840481	206.1552813	167.6305461	297.3213749	116.6190379	125.2996409	64.03124237	270.1851217	142.126704	222.0360331	111.8033989	192.3538406	141.4213562	111.8033989	98.48857802	141.4213562	36.05551275	41.23105626	180.2775638	250	188.6796226	86.02325267	312.5699922	170.2938637	212.6029163	323.8826948	210	344.3835072	271.6615541	202.4845673	273.1300057	50.99019514	240	36.05551275	60.8276253	265.7066051	120.8304597	162.788206	180	152.6433752	281.6025568	280.1785145	317.8049716	136.0147051	201.246118	192.3538406	113.137085	114.0175425	225.6102835	230	220	111.8033989	272.0294102	98.48857802	241.8677324	40	134.1640786	276.5863337	174.642492	148.6606875	174.9285568	260	211.896201	133.4166406	250	310.4834939	138.9244399	117.0469991	114.0175425	85.44003745
19	162.788206	89.4427191	280.713377	41.23105626	111.8033989	174.9285568	219.544984	114.0175425	80	272.0294102	50.99019514	110.4536102	120	194.1648784	170	280.713377	130	328.9376841	0	202.4845673	158.113883	161.5549442	106.3014581	155.5634919	192.3538406	188.6796226	178.0449381	242.0743687	260.1922366	192.0937271	240	123.6931688	264.7640459	31.6227766	215.8703314	250	269.2582404	107.7032961	220	131.5294644	218.4032967	184.3908891	291.5475947	260.1922366	230.8679276	214.0093456	294.1088234	287.923601	160.3121954	117.0469991	150.3329638	263.0589288	150	180	152.9705854	60.8276253	148.6606875	40	145.6021978	140	60	278.5677655	130.3840481	322.0248438	277.3084925	63.2455532	256.1249695	170	170.2938637	182.4828759	50	104.4030651	28.28427125	230	131.5294644	144.222051	231.9482701	280	183.5755975	136.0147051	142.126704	264.0075756	102.9563014	266.2705391	156.5247584	291.5475947	250.1999201	64.03124237	155.241747	261.7250466	223.6067977	120.8304597	117.0469991	228.035085	125.2996409	31.6227766	194.1648784	270	240.8318916	243.5159132
20	80.62257748	114.0175425	127.2792206	161.5549442	92.19544457	44.72135955	40	164.924225	130.3840481	70.71067812	152.3154621	203.9607805	98.99494937	110	72.80109889	102.9563014	148.6606875	126.4911064	202.4845673	0	63.2455532	41.23105626	110	89.4427191	28.28427125	42.42640687	64.03124237	80	106.3014581	64.03124237	86.02325267	80.62257748	138.9244399	170.8800749	28.28427125	92.19544457	70	152.9705854	76.15773106	108.1665383	22.36067977	98.99494937	141.4213562	92.19544457	30	63.2455532	92.19544457	85.44003745	67.08203932	136.0147051	72.11102551	76.15773106	206.1552813	70.71067812	107.7032961	200.2498439	98.48857802	219.544984	165.5294536	86.02325267	147.6482306	76.15773106	126.4911064	122.0655562	78.10249676	139.2838828	90.55385138	41.23105626	72.11102551	41.23105626	155.241747	162.788206	192.3538406	80.62257748	78.10249676	70.71067812	56.56854249	114.0175425	134.5362405	117.0469991	107.7032961	92.19544457	156.2049935	85.44003745	138.9244399	89.4427191	100	151.3274595	50	122.0655562	114.0175425	145.6021978	85.44003745	70.71067812	136.0147051	184.3908891	30	106.3014581	70.71067812	41.23105626
21	22.36067977	70.71067812	186.0107524	120.4159458	50	20	63.2455532	101.9803903	102.9563014	130.3840481	113.137085	141.4213562	90.55385138	143.1782106	98.48857802	165.5294536	85.44003745	181.1077028	158.113883	63.2455532	0	36.05551275	53.85164807	28.28427125	40	31.6227766	22.36067977	84.85281374	164.0121947	36.05551275	142.126704	60.8276253	191.0497317	128.0624847	89.4427191	150	131.5294644	90.55385138	127.2792206	110	85.44003745	50.99019514	200	152.6433752	92.19544457	56.56854249	150	140.3566885	85.44003745	131.5294644	82.46211251	139.2838828	143.1782106	102.9563014	121.6552506	143.1782106	36.05551275	183.8477631	102.9563014	90.55385138	114.0175425	130.3840481	63.2455532	167.6305461	123.6931688	98.99494937	98.99494937	22.36067977	20	78.10249676	108.1665383	100.4987562	155.5634919	134.5362405	70	14.14213562	116.6190379	174.9285568	80.62257748	53.85164807	44.72135955	106.3014581	145.6021978	108.1665383	78.10249676	141.4213562	156.2049935	98.48857802	53.85164807	176.9180601	158.113883	82.46211251	53.85164807	70.71067812	72.80109889	134.1640786	78.10249676	166.4331698	130.3840481	100.4987562
22	58.30951895	72.80109889	152.6433752	120.8304597	50.99019514	30	64.03124237	130	92.19544457	111.8033989	111.8033989	167.6305461	67.08203932	107.7032961	63.2455532	136.0147051	116.6190379	167.6305461	161.5549442	41.23105626	36.05551275	0	70.71067812	64.03124237	36.05551275	41.23105626	50.99019514	98.48857802	130.3840481	60	108.1665383	42.42640687	155.5634919	130	60.8276253	116.6190379	110.4536102	117.0469991	92.19544457	82.46211251	60	85.44003745	166.4331698	120.8304597	70.71067812	72.80109889	133.4166406	126.4911064	50.99019514	107.7032961	50	111.8033989	174.9285568	67.08203932	90	160	70.71067812	180.2775638	136.0147051	60.8276253	108.1665383	117.0469991	94.33981132	161.245155	116.6190379	98.48857802	111.8033989	20	53.85164807	42.42640687	114.0175425	126.4911064	152.6433752	100	44.72135955	36.05551275	85.44003745	143.1782106	116.6190379	86.02325267	78.10249676	116.6190379	125.2996409	114.0175425	113.137085	130	122.0655562	110.4536102	20	142.126704	122.0655562	111.8033989	44.72135955	85.44003745	102.9563014	143.1782106	44.72135955	134.1640786	98.48857802	82.46211251
23	56.56854249	30	219.317122	72.11102551	28.28427125	72.80109889	117.0469991	64.03124237	70	180.2775638	67.08203932	98.48857802	80.62257748	155.5634919	114.0175425	206.1552813	58.30951895	233.4523506	106.3014581	110	53.85164807	70.71067812	0	50	92.19544457	85.44003745	72.11102551	136.0147051	196.977156	86.02325267	174.642492	56.56854249	216.3330765	78.10249676	131.5294644	183.8477631	180	50	156.5247584	102.9563014	130.3840481	80.62257748	232.594067	189.7366596	140	108.1665383	200.9975124	192.3538406	100	114.0175425	92.19544457	182.4828759	113.137085	122.0655562	122.0655562	90.55385138	44.72135955	136.0147051	80.62257748	92.19544457	72.80109889	182.4828759	41.23105626	221.3594362	177.2004515	53.85164807	150	70.71067812	64.03124237	107.7032961	56.56854249	58.30951895	108.1665383	165.5294536	70.71067812	41.23105626	155.241747	211.896201	90.55385138	40	41.23105626	158.113883	120.4159458	161.245155	70.71067812	194.1648784	187.8829423	44.72135955	76.15773106	205.9126028	178.0449381	50	42.42640687	122.0655562	44.72135955	80.62257748	114.0175425	202.4845673	167.6305461	150.3329638
24	10	76.15773106	214.0093456	122.0655562	60.8276253	44.72135955	80	80	114.0175425	152.9705854	116.6190379	120	110.4536102	170	125.2996409	192.3538406	60.8276253	200	155.5634919	89.4427191	28.28427125	64.03124237	50	0	63.2455532	50.99019514	30	89.4427191	192.0937271	41.23105626	170.2938637	80.62257748	219.317122	128.0624847	116.6190379	178.0449381	155.241747	70.71067812	155.5634919	131.5294644	111.8033989	31.6227766	228.035085	180.2775638	117.0469991	63.2455532	171.1724277	160.3121954	111.8033989	150	107.7032961	165.5294536	117.0469991	130.3840481	145.6021978	130	10	186.0107524	76.15773106	114.0175425	120.8304597	150.3329638	40	182.4828759	140.3566885	102.9563014	102.9563014	50	20	106.3014581	106.3014581	80.62257748	158.113883	162.788206	92.19544457	31.6227766	144.222051	202.4845673	53.85164807	30	20	111.8033989	161.245155	117.0469991	50	160	184.3908891	92.19544457	80.62257748	205.1828453	186.0107524	60	70	76.15773106	50	128.0624847	106.3014581	194.1648784	158.113883	123.6931688
25	53.85164807	102.9563014	155.5634919	152.6433752	80.62257748	20	28.28427125	141.4213562	127.2792206	90.55385138	144.222051	181.1077028	102.9563014	131.5294644	90	130.3840481	123.6931688	141.4213562	192.3538406	28.28427125	40	36.05551275	92.19544457	63.2455532	0	14.14213562	36.05551275	63.2455532	134.5362405	36.05551275	114.0175425	78.10249676	166.4331698	161.245155	56.56854249	120.4159458	92.19544457	130.3840481	102.9563014	117.0469991	50	70.71067812	169.7056275	120.4159458	53.85164807	40	110	100.4987562	80.62257748	143.1782106	82.46211251	102.9563014	180.2775638	90.55385138	121.6552506	182.4828759	72.80109889	214.0093456	139.2838828	94.86832981	142.126704	90.55385138	101.9803903	130	85.44003745	130.3840481	76.15773106	22.36067977	44.72135955	60.8276253	143.1782106	140.3566885	186.0107524	108.1665383	80.62257748	50.99019514	84.85281374	142.126704	106.3014581	92.19544457	82.46211251	80.62257748	161.245155	78.10249676	111.8033989	101.9803903	128.0624847	136.0147051	53.85164807	150	139.2838828	121.6552506	78.10249676	50.99019514	111.8033989	170.8800749	53.85164807	134.5362405	98.99494937	60.8276253
26	41.23105626	100	169.7056275	150	78.10249676	14.14213562	31.6227766	130.3840481	128.0624847	101.9803903	142.126704	170.2938637	107.7032961	143.1782106	100.4987562	144.222051	111.8033989	150.3329638	188.6796226	42.42640687	31.6227766	41.23105626	85.44003745	50.99019514	14.14213562	0	22.36067977	58.30951895	148.6606875	22.36067977	128.0624847	80.62257748	180.2775638	158.113883	70.71067812	134.5362405	104.4030651	120	116.6190379	123.6931688	64.03124237	56.56854249	183.8477631	134.5362405	67.08203932	31.6227766	120.4159458	110	90	148.6606875	90.55385138	116.6190379	167.6305461	101.9803903	130.3840481	174.642492	60.8276253	212.6029163	126.4911064	101.9803903	141.4213562	100	90.55385138	136.0147051	92.19544457	128.0624847	72.11102551	22.36067977	31.6227766	72.80109889	138.9244399	130	184.3908891	122.0655562	85.44003745	44.72135955	98.99494937	156.2049935	92.19544457	80.62257748	70.71067812	78.10249676	165.5294536	78.10249676	98.48857802	110.4536102	142.126704	130	60.8276253	164.0121947	152.3154621	110.4536102	78.10249676	44.72135955	100.4987562	165.5294536	67.08203932	148.6606875	113.137085	72.80109889
27	20	92.19544457	191.0497317	141.4213562	72.11102551	22.36067977	50	110	125.2996409	123.6931688	134.5362405	150	111.8033989	158.113883	114.0175425	166.4331698	90.55385138	170	178.0449381	64.03124237	22.36067977	50.99019514	72.11102551	30	36.05551275	22.36067977	0	64.03124237	169.7056275	14.14213562	148.6606875	82.46211251	200	148.6606875	92.19544457	155.5634919	126.4911064	100.4987562	136.0147051	130.3840481	86.02325267	36.05551275	205.1828453	156.2049935	89.4427191	36.05551275	141.4213562	130.3840481	101.9803903	152.9705854	100.4987562	138.9244399	145.6021978	117.0469991	140.3566885	158.113883	40	205.1828453	104.4030651	110	136.0147051	120.4159458	70	152.9705854	110.4536102	120.4159458	78.10249676	31.6227766	10	89.4427191	128.0624847	110.4536102	176.9180601	142.126704	90.55385138	36.05551275	120.4159458	178.0449381	70.71067812	60	50	86.02325267	167.6305461	89.4427191	76.15773106	130	162.788206	116.6190379	70.71067812	184.3908891	170	90	76.15773106	50	80	152.6433752	86.02325267	170.2938637	134.5362405	94.86832981
28	80.62257748	155.5634919	192.3538406	205.1828453	134.5362405	72.11102551	40	164.924225	186.0107524	98.99494937	197.9898987	203.9607805	165.5294536	190	151.3274595	158.113883	143.1782106	126.4911064	242.0743687	80	84.85281374	98.48857802	136.0147051	89.4427191	63.2455532	58.30951895	64.03124237	0	174.642492	50	158.113883	138.9244399	211.896201	212.6029163	101.9803903	161.5549442	106.3014581	158.113883	152.9705854	180.2775638	92.19544457	70.71067812	205.9126028	156.5247584	85.44003745	28.28427125	108.1665383	94.33981132	143.1782106	206.1552813	145.6021978	130.3840481	190	150.3329638	184.3908891	219.317122	98.48857802	268.7005769	150.3329638	158.113883	198.4943324	86.02325267	126.4911064	100.4987562	67.08203932	183.8477631	14.14213562	80.62257748	72.11102551	120.4159458	192.0937271	167.6305461	240.4163056	155.241747	143.1782106	98.99494937	126.4911064	174.9285568	100.4987562	117.0469991	107.7032961	22.36067977	223.6067977	30	120.4159458	89.4427191	170.8800749	180.2775638	117.0469991	193.1320792	192.3538406	145.6021978	136.0147051	14.14213562	136.0147051	216.3330765	110	170	139.2838828	80.62257748
29	184.3908891	186.8154169	22.36067977	220.9072203	170.8800749	148.6606875	138.9244399	259.4224354	180.2775638	90	210.9502311	295.4657341	140.3566885	76.15773106	90.55385138	36.05551275	246.9817807	130	260.1922366	106.3014581	164.0121947	130.3840481	196.977156	192.0937271	134.5362405	148.6606875	169.7056275	174.642492	0	170.2938637	22.36067977	145.6021978	40	230.8679276	78.10249676	14.14213562	80	245.9674775	41.23105626	130.3840481	86.02325267	205.1828453	36.05551275	20	89.4427191	166.4331698	101.9803903	110.4536102	101.9803903	152.9705854	111.8033989	50	305.2867504	80.62257748	111.8033989	278.9265136	200	261.7250466	266.2705391	120.4159458	200.2498439	110	224.7220505	152.9705854	130.3840481	202.2374842	180.2775638	142.126704	176.9180601	89.4427191	223.6067977	254.9509757	240.208243	31.6227766	133.4166406	166.4331698	50	22.36067977	240.4163056	216.3330765	208.0865205	177.2004515	174.642492	164.924225	242.0743687	120.4159458	10	228.035085	120.8304597	20	50	241.8677324	158.113883	170	233.2380758	253.179778	86.02325267	14.14213562	36.05551275	94.86832981
30	31.6227766	106.3014581	191.0497317	155.5634919	86.02325267	30	41.23105626	120.4159458	138.9244399	117.0469991	148.6606875	160.3121954	123.6931688	164.924225	121.6552506	164.0121947	100	160.3121954	192.0937271	64.03124237	36.05551275	60	86.02325267	41.23105626	36.05551275	22.36067977	14.14213562	50	170.2938637	0	150	94.86832981	202.4845673	162.788206	92.19544457	156.2049935	120.8304597	111.8033989	138.9244399	141.4213562	84.85281374	36.05551275	205.1828453	155.5634919	86.02325267	22.36067977	133.4166406	121.6552506	110.4536102	164.924225	110	136.0147051	152.9705854	123.6931688	150	170.8800749	50.99019514	219.317122	111.8033989	120.4159458	150	111.8033989	80.62257748	141.4213562	100	134.5362405	64.03124237	40	22.36067977	94.86832981	142.126704	121.6552506	191.0497317	144.222051	101.9803903	50	120.4159458	176.9180601	72.11102551	70.71067812	60.8276253	72.11102551	180.2775638	76.15773106	82.46211251	120.4159458	164.0121947	130.3840481	80	186.0107524	174.642492	100.4987562	89.4427191	36.05551275	90.55385138	166.4331698	89.4427191	169.7056275	134.5362405	89.4427191
