param n=10;
param m=4;
param K = 5;
param Q = 60;
param L =10;
param HC:=
1 179.762
2 194.351
3 143.166
4 212.016;

param o:
	1	2	3	4	5	6	7	8	9	10:=
1	128.0624847	64.03124237	114.0175425	140.3566885	151.3274595	70	117.0469991	170.2938637	100	155.5634919
2	254.9509757	111.8033989	144.222051	22.36067977	10	155.241747	136.0147051	82.46211251	58.30951895	89.4427191
3	300.8321791	161.245155	205.1828453	56.56854249	58.30951895	205.9126028	197.9898987	148.6606875	85.44003745	156.5247584
4	155.241747	70.71067812	22.36067977	142.126704	141.4213562	70.71067812	14.14213562	80.62257748	130	60.8276253;

param cost:
	1	2	3	4	5	6	7	8	9	10:=
1	0	143.1782106	133.4166406	250	257.0992026	100.4987562	143.1782106	231.9482701	215.4065923	212.1320344
2	143.1782106	0	60.8276253	107.7032961	114.0175425	44.72135955	60	108.1665383	78.10249676	92.19544457
3	133.4166406	60.8276253	0	148.6606875	150	50	10	100	130.3840481	80
4	250	107.7032961	148.6606875	0	14.14213562	152.3154621	141.4213562	100.4987562	41.23105626	104.4030651
5	257.0992026	114.0175425	150	14.14213562	0	158.113883	142.126704	92.19544457	53.85164807	98.48857802
6	100.4987562	44.72135955	50	152.3154621	158.113883	0	56.56854249	136.0147051	122.0655562	117.0469991
7	143.1782106	60	10	141.4213562	142.126704	56.56854249	0	90	125.2996409	70
8	231.9482701	108.1665383	100	100.4987562	92.19544457	136.0147051	90	0	114.0175425	20
9	215.4065923	78.10249676	130.3840481	41.23105626	53.85164807	122.0655562	125.2996409	114.0175425	0	110.4536102
10	212.1320344	92.19544457	80	104.4030651	98.48857802	117.0469991	70	20	110.4536102	0;

param d:=
1	1.000000
2	1.000000
3	2.000000
4	2.000000
5	1.000000
6	1.000000
7	2.000000
8	1.000000
9	8.000000
10	2.000000;

param puntos:= 9; 

param cotas: 
 	 1 	 2:= 

1	545.6907121037812	412.43667992960616
2	580.3011784043745	407.15803947960194
3	583.6247483311786	403.8021736620798
4	585.2054462586095	401.9514140844345
5	586.9247516438649	397.233631167156
6	588.706207492598	393.091495543425
7	592.2691191900641	384.8729513921581
8	661.4900517912506	379.59431094215387
9	724.3056074484045	376.3906938708076
; 
