param n=50;
param m=6;
param K = 25;
param Q = 60;
param L =25;
param HC:= 
1 263.065
2 213.694
3 216.402
4 246.797
5 242.56
6 242.694;

param o:
	1	2	3	4	5	6	7	8	9	10	11	12	13	14	15	16	17	18	19	20	21	22	23	24	25	26	27	28	29	30	31	32	33	34	35	36	37	38	39	40	41	42	43	44	45	46	47	48	49	50:=
1	82.46211251	136.0147051	90.55385138	67.08203932	141.4213562	30	139.2838828	40	172.626765	136.0147051	30	63.2455532	178.8854382	53.85164807	85.44003745	161.245155	94.33981132	176.9180601	193.1320792	180.2775638	10	90.55385138	56.56854249	248.394847	161.245155	101.9803903	94.33981132	134.5362405	31.6227766	100	196.468827	121.6552506	150.3329638	50	161.245155	143.1782106	108.1665383	212.6029163	100	123.6931688	166.4331698	108.1665383	152.6433752	142.126704	143.1782106	139.2838828	150	82.46211251	56.56854249	194.1648784
2	44.72135955	243.5159132	158.113883	108.1665383	260.7680962	123.6931688	50.99019514	160	291.5475947	117.0469991	90	116.6190379	164.924225	111.8033989	170	280.713377	206.1552813	277.3084925	308.058436	266.2705391	110	31.6227766	89.4427191	348.8552709	145.6021978	28.28427125	206.1552813	92.19544457	150.3329638	220	314.0063694	184.3908891	270.1851217	155.241747	188.6796226	60.8276253	218.4032967	305.2867504	72.11102551	192.0937271	275.1363298	108.1665383	136.0147051	114.0175425	143.1782106	50.99019514	256.3201124	44.72135955	89.4427191	300.8321791
3	264.1968963	50	141.4213562	186.8154169	130.3840481	205.1828453	286.3564213	155.5634919	82.46211251	230	210.9502311	177.2004515	235.3720459	233.4523506	123.6931688	90.55385138	174.642492	22.36067977	50	64.03124237	194.1648784	268.3281573	242.0743687	64.03124237	231.9482701	281.7800561	92.19544457	250.7987241	169.7056275	120.8304597	164.924225	130.3840481	120	192.0937271	177.2004515	284.4292531	78.10249676	50.99019514	235.3720459	120.4159458	22.36067977	210.9502311	230.8679276	240	210.9502311	322.4903099	36.05551275	246.9817807	202.4845673	10
4	50	196.468827	108.1665383	58.30951895	225.6102835	100	53.85164807	123.6931688	250	80	58.30951895	67.08203932	130	100	120.8304597	240.208243	178.8854382	228.4731932	263.0589288	216.3330765	76.15773106	41.23105626	80.62257748	299.6664813	110	53.85164807	161.245155	63.2455532	117.0469991	182.4828759	281.6025568	134.5362405	233.4523506	130.3840481	143.1782106	58.30951895	172.626765	255.5386468	30	142.126704	228.035085	63.2455532	100	80.62257748	101.9803903	94.33981132	208.8061302	10	41.23105626	252.9822128
5	30	202.4845673	120.4159458	70.71067812	222.0360331	89.4427191	64.03124237	120.4159458	250.7987241	100	50.99019514	78.10249676	150	84.85281374	130.3840481	240.208243	170.8800749	237.0653918	266.8332813	228.035085	70.71067812	22.36067977	64.03124237	308.8689042	130	36.05551275	164.924225	82.46211251	111.8033989	180.2775638	276.5863337	148.6606875	230.8679276	120.8304597	161.5549442	70.71067812	177.2004515	266.2705391	50	155.5634919	234.0939982	82.46211251	120	100.4987562	121.6552506	78.10249676	215.4065923	10	50	260
6	120	191.0497317	90.55385138	64.03124237	250.5992817	152.6433752	70.71067812	156.2049935	259.6150997	10	111.8033989	72.11102551	60	161.5549442	111.8033989	252.9822128	219.317122	210.9502311	261.7250466	186.8154169	122.0655562	110.4536102	145.6021978	276.5863337	40	121.6552506	167.6305461	22.36067977	155.5634919	205.9126028	308.8689042	101.9803903	254.9509757	178.0449381	84.85281374	64.03124237	174.642492	228.035085	40	111.8033989	220.2271555	22.36067977	30	14.14213562	36.05551275	158.113883	200.2498439	80	72.11102551	240.208243;

param cost:
	1	2	3	4	5	6	7	8	9	10	11	12	13	14	15	16	17	18	19	20	21	22	23	24	25	26	27	28	29	30	31	32	33	34	35	36	37	38	39	40	41	42	43	44	45	46	47	48	49	50:=
1	0	214.7091055	142.126704	94.33981132	220	80.62257748	86.02325267	121.6552506	254.9509757	130	53.85164807	100	180	67.08203932	148.6606875	243.3105012	162.788206	252.3885893	275.1363298	247.5883681	72.80109889	14.14213562	44.72135955	324.4996148	160	20	174.642492	111.8033989	110.4536102	181.1077028	271.6615541	172.0465053	230.2172887	111.8033989	189.7366596	94.33981132	187.8829423	284.2534081	80	178.0449381	245.9674775	111.8033989	150	130.3840481	151.3274595	58.30951895	228.2542442	40	72.11102551	272.9468813
2	214.7091055	0	100.4987562	141.4213562	104.4030651	155.5634919	241.8677324	106.3014581	78.10249676	192.3538406	161.245155	131.5294644	206.1552813	183.8477631	80	78.10249676	133.4166406	44.72135955	70.71067812	70.71067812	144.222051	219.317122	192.0937271	113.137085	199.2485885	232.594067	42.42640687	210.2379604	120.4159458	80.62257748	152.6433752	98.48857802	98.48857802	144.222051	152.6433752	240.8318916	28.28427125	85.44003745	191.0497317	89.4427191	31.6227766	170.2938637	196.468827	202.2374842	177.2004515	272.9468813	14.14213562	199.2485885	155.241747	58.30951895
3	142.126704	100.4987562	0	50	170.2938637	120.4159458	145.6021978	94.86832981	170.8800749	92.19544457	98.48857802	42.42640687	114.0175425	143.1782106	22.36067977	165.5294536	156.5247584	123.6931688	171.1724277	108.1665383	92.19544457	141.4213562	139.2838828	193.1320792	102.9563014	155.5634919	80.62257748	110	101.9803903	127.2792206	228.035085	31.6227766	172.0465053	131.5294644	76.15773106	143.1782106	85.44003745	147.6482306	94.86832981	36.05551275	130	70	98.48857802	101.9803903	80.62257748	197.9898987	110	114.0175425	70.71067812	151.3274595
4	94.33981132	141.4213562	50	0	187.8829423	94.86832981	100.4987562	92.19544457	202.2374842	70.71067812	60	10	111.8033989	110.4536102	63.2455532	194.1648784	155.5634919	170.8800749	210.2379604	158.113883	63.2455532	92.19544457	100.4987562	241.6609195	94.33981132	106.3014581	110.4536102	76.15773106	92.19544457	143.1782106	245.9674775	78.10249676	193.1320792	116.6190379	100.4987562	100	120	197.2308292	50	84.85281374	172.626765	42.42640687	86.02325267	78.10249676	76.15773106	148.6606875	152.9705854	64.03124237	22.36067977	196.468827
5	220	104.4030651	170.2938637	187.8829423	0	140.3566885	278.9265136	101.9803903	58.30951895	255.5386468	171.1724277	178.8854382	284.2534081	162.788206	148.6606875	44.72135955	67.08203932	140.3566885	98.48857802	174.642492	151.3274595	230.2172887	181.1077028	186.8154169	272.0294102	240	92.19544457	264.0075756	110.4536102	44.72135955	58.30951895	184.3908891	14.14213562	111.8033989	240.8318916	281.6025568	94.33981132	180	234.0939982	178.0449381	110	228.2542442	266.2705391	264.1968963	250	271.6615541	111.8033989	223.6067977	189.7366596	131.5294644
6	80.62257748	155.5634919	120.4159458	94.86832981	140.3566885	0	152.6433752	50	180.2775638	161.245155	42.42640687	92.19544457	206.1552813	28.28427125	114.0175425	167.6305461	82.46211251	198.4943324	205.9126028	205.9126028	31.6227766	92.19544457	41.23105626	268.7005769	187.8829423	100.4987562	113.137085	156.2049935	36.05551275	104.4030651	191.0497317	151.3274595	151.3274595	31.6227766	191.0497317	158.113883	127.2792206	236.0084744	120.4159458	152.9705854	184.3908891	134.1640786	178.8854382	166.4331698	170.8800749	131.5294644	169.7056275	94.33981132	80.62257748	212.6029163
7	86.02325267	241.8677324	145.6021978	100.4987562	278.9265136	152.6433752	0	177.2004515	300.6659276	78.10249676	111.8033989	110.4536102	120.8304597	148.6606875	162.788206	291.5475947	232.594067	269.2582404	310.6444913	250.7987241	130	72.11102551	127.2792206	338.3784863	102.9563014	76.15773106	210	50	170.8800749	235.3720459	335.2610923	165.5294536	286.3564213	183.5755975	155.5634919	10	220.2271555	291.5475947	50.99019514	174.642492	272.9468813	80.62257748	94.33981132	72.11102551	106.3014581	100	253.179778	58.30951895	90.55385138	296.1418579
8	121.6552506	106.3014581	94.86832981	92.19544457	101.9803903	50	177.2004515	0	133.4166406	162.788206	70	84.85281374	200	78.10249676	80.62257748	121.6552506	64.03124237	150	156.5247584	161.5549442	50	130.3840481	89.4427191	219.317122	184.3908891	141.4213562	64.03124237	166.4331698	14.14213562	60	158.113883	121.6552506	110.4536102	41.23105626	170.8800749	180.2775638	78.10249676	188.6796226	134.1640786	120.4159458	134.5362405	134.5362405	176.9180601	170.2938637	164.0121947	177.2004515	120.4159458	121.6552506	89.4427191	162.788206
9	254.9509757	78.10249676	170.8800749	202.2374842	58.30951895	180.2775638	300.6659276	133.4166406	0	262.488095	202.2374842	192.3538406	281.7800561	206.1552813	148.6606875	14.14213562	120.4159458	98.48857802	41.23105626	138.9244399	182.4828759	263.0589288	221.3594362	131.5294644	273.1300057	274.5906044	92.19544457	276.5863337	145.6021978	76.15773106	82.46211251	174.9285568	44.72135955	156.5247584	230.2172887	301.4962686	85.44003745	133.4166406	251.7935662	166.4331698	67.08203932	237.6972865	269.2582404	272.0294102	250.7987241	310.4834939	78.10249676	250.1999201	210.2379604	80.62257748
10	130	192.3538406	92.19544457	70.71067812	255.5386468	161.245155	78.10249676	162.788206	262.488095	0	120.8304597	78.10249676	50	170.8800749	114.0175425	256.3201124	226.27417	210.2379604	263.0589288	184.3908891	130.3840481	120.4159458	155.241747	274.5906044	30	131.5294644	170.8800749	28.28427125	162.788206	210.9502311	313.8470965	100.4987562	259.4224354	186.0107524	78.10249676	70.71067812	177.2004515	225.6102835	50	110.4536102	220.9072203	28.28427125	20	10	28.28427125	167.6305461	200.9975124	90	80.62257748	240
11	53.85164807	161.245155	98.48857802	60	171.1724277	42.42640687	111.8033989	70	202.2374842	120.8304597	0	60.8276253	167.6305461	50.99019514	100	191.0497317	120.8304597	200	221.3594362	198.4943324	20	60.8276253	41.23105626	272.0294102	148.6606875	72.80109889	120.8304597	114.0175425	60.8276253	130	225.6102835	130	180.2775638	72.11102551	160.3121954	116.6190379	134.1640786	233.4523506	78.10249676	134.1640786	192.3538406	94.86832981	139.2838828	125.2996409	133.4166406	111.8033989	174.9285568	53.85164807	41.23105626	219.544984
12	100	131.5294644	42.42640687	10	178.8854382	92.19544457	110.4536102	84.85281374	192.3538406	78.10249676	60.8276253	0	116.6190379	110	53.85164807	184.3908891	148.6606875	161.5549442	200.2498439	150	60.8276253	98.99494937	101.9803903	232.594067	100	113.137085	100.4987562	85.44003745	86.02325267	134.1640786	237.0653918	72.11102551	183.8477631	111.8033989	100	110	110	188.6796226	60	78.10249676	162.788206	50	92.19544457	86.02325267	80.62257748	155.5634919	143.1782106	72.11102551	28.28427125	186.8154169
13	180	206.1552813	114.0175425	111.8033989	284.2534081	206.1552813	120.8304597	200	281.7800561	50	167.6305461	116.6190379	0	218.4032967	136.0147051	277.8488798	264.0075756	213.7755833	275.1363298	180.2775638	174.642492	170.2938637	203.9607805	270	20	181.1077028	194.1648784	72.80109889	202.4845673	240.8318916	342.0526275	107.7032961	286.0069929	228.2542442	60	111.8033989	197.2308292	220	100	117.0469991	230.8679276	72.80109889	30	50.99019514	36.05551275	215.8703314	211.896201	140	126.4911064	245.1530134
14	67.08203932	183.8477631	143.1782106	110.4536102	162.788206	28.28427125	148.6606875	78.10249676	206.1552813	170.8800749	50.99019514	110	218.4032967	0	139.2838828	193.1320792	100	226.715681	233.2380758	233.2380758	50.99019514	80.62257748	22.36067977	296.9848481	199.2485885	85.44003745	141.4213562	161.245155	64.03124237	130	210	174.642492	174.642492	50.99019514	210	155.5634919	155.5634919	264.0075756	125.2996409	177.2004515	212.6029163	145.6021978	189.7366596	174.642492	184.3908891	110	197.9898987	92.19544457	92.19544457	240.8318916
15	148.6606875	80	22.36067977	63.2455532	148.6606875	114.0175425	162.788206	80.62257748	148.6606875	114.0175425	100	53.85164807	136.0147051	139.2838828	0	143.1782106	139.2838828	107.7032961	150.3329638	98.99494937	89.4427191	150	138.9244399	178.8854382	125.2996409	164.0121947	58.30951895	130.3840481	90	106.3014581	206.1552813	41.23105626	150	120	94.33981132	161.245155	63.2455532	136.0147051	111.8033989	40	110.4536102	90.55385138	120.8304597	123.6931688	102.9563014	206.1552813	90.55385138	125.2996409	80.62257748	133.4166406
16	243.3105012	78.10249676	165.5294536	194.1648784	44.72135955	167.6305461	291.5475947	121.6552506	14.14213562	256.3201124	191.0497317	184.3908891	277.8488798	193.1320792	143.1782106	0	106.3014581	104.4030651	53.85164807	143.1782106	171.1724277	251.7935662	208.8061302	143.1782106	268.3281573	263.0589288	85.44003745	269.2582404	133.4166406	63.2455532	76.15773106	172.0465053	31.6227766	143.1782106	228.035085	292.7456234	80.62257748	141.4213562	243.3105012	164.0121947	72.80109889	230.8679276	264.0075756	265.7066051	245.9674775	298.3286778	80.62257748	240	200.9975124	90
17	162.788206	133.4166406	156.5247584	155.5634919	67.08203932	82.46211251	232.594067	64.03124237	120.4159458	226.27417	120.8304597	148.6606875	264.0075756	100	139.2838828	106.3014581	0	177.2004515	156.2049935	200.9975124	102.9563014	174.642492	120.4159458	237.0653918	248.394847	182.4828759	100	228.035085	64.03124237	53.85164807	110	180.2775638	80.62257748	50.99019514	232.594067	237.0653918	110.4536102	218.4032967	194.1648784	177.2004515	152.3154621	197.9898987	240.8318916	233.4523506	228.035085	210	145.6021978	174.642492	150	178.8854382
18	252.3885893	44.72135955	123.6931688	170.8800749	140.3566885	198.4943324	269.2582404	150	98.48857802	210.2379604	200	161.5549442	213.7755833	226.715681	107.7032961	104.4030651	177.2004515	0	70.71067812	42.42640687	184.3908891	255.5386468	233.4523506	72.11102551	210.9502311	269.2582404	86.02325267	231.9482701	164.0121947	123.6931688	180.2775638	110	131.5294644	188.6796226	155.241747	266.8332813	72.11102551	41.23105626	218.4032967	100	31.6227766	192.3538406	210.2379604	220.2271555	190.2629759	310.6444913	31.6227766	232.594067	187.8829423	31.6227766
19	275.1363298	70.71067812	171.1724277	210.2379604	98.48857802	205.9126028	310.6444913	156.5247584	41.23105626	263.0589288	221.3594362	200.2498439	275.1363298	233.2380758	150.3329638	53.85164807	156.2049935	70.71067812	0	113.137085	202.4845673	281.6025568	245.9674775	90.55385138	269.2582404	294.1088234	101.9803903	280.713377	170	106.3014581	120.4159458	167.6305461	85.44003745	186.0107524	219.317122	310.1612484	90.55385138	98.48857802	260.1922366	158.113883	44.72135955	240.8318916	266.8332813	272.9468813	247.3863375	332.4154028	63.2455532	264.7640459	222.0360331	44.72135955
20	247.5883681	70.71067812	108.1665383	158.113883	174.642492	205.9126028	250.7987241	161.5549442	138.9244399	184.3908891	198.4943324	150	180.2775638	233.2380758	98.99494937	143.1782106	200.9975124	42.42640687	113.137085	0	186.0107524	248.394847	236.0084744	90.55385138	180.2775638	262.488095	101.9803903	208.8061302	174.642492	150	219.317122	85.44003745	167.6305461	202.4845673	120.4159458	246.9817807	90.55385138	41.23105626	201.246118	76.15773106	72.11102551	170.8800749	181.1077028	194.1648784	161.245155	304.7950131	63.2455532	222.0360331	178.0449381	72.11102551
21	72.80109889	144.222051	92.19544457	63.2455532	151.3274595	31.6227766	130	50	182.4828759	130.3840481	20	60.8276253	174.642492	50.99019514	89.4427191	171.1724277	102.9563014	184.3908891	202.4845673	186.0107524	0	80.62257748	50	256.1249695	156.5247584	92.19544457	102.9563014	127.2792206	41.23105626	110	206.1552813	123.6931688	160.3121954	56.56854249	160.3121954	134.1640786	116.6190379	219.317122	92.19544457	126.4911064	174.9285568	102.9563014	147.6482306	136.0147051	139.2838828	130	158.113883	72.80109889	50	202.4845673
22	14.14213562	219.317122	141.4213562	92.19544457	230.2172887	92.19544457	72.11102551	130.3840481	263.0589288	120.4159458	60.8276253	98.99494937	170.2938637	80.62257748	150	251.7935662	174.642492	255.5386468	281.6025568	248.394847	80.62257748	0	58.30951895	327.5667871	150.3329638	14.14213562	180.2775638	100.4987562	120	190.2629759	282.8427125	170.2938637	240	123.6931688	183.8477631	80.62257748	193.1320792	286.0069929	70.71067812	176.9180601	250.7987241	104.4030651	140.3566885	120	143.1782106	56.56854249	232.594067	31.6227766	70.71067812	277.3084925
23	44.72135955	192.0937271	139.2838828	100.4987562	181.1077028	41.23105626	127.2792206	89.4427191	221.3594362	155.241747	41.23105626	101.9803903	203.9607805	22.36067977	138.9244399	208.8061302	120.4159458	233.4523506	245.9674775	236.0084744	50	58.30951895	0	304.7950131	184.3908891	63.2455532	150	143.1782106	76.15773106	145.6021978	230.2172887	170.8800749	192.3538406	70	200.9975124	134.5362405	164.0121947	269.0724809	107.7032961	174.642492	222.0360331	131.5294644	174.642492	158.113883	171.1724277	90.55385138	206.1552813	72.11102551	80	250
24	324.4996148	113.137085	193.1320792	241.6609195	186.8154169	268.7005769	338.3784863	219.317122	131.5294644	274.5906044	272.0294102	232.594067	270	296.9848481	178.8854382	143.1782106	237.0653918	72.11102551	90.55385138	90.55385138	256.1249695	327.5667871	304.7950131	0	270.7397274	341.3209633	155.5634919	298.3286778	233.4523506	183.5755975	210	174.642492	174.642492	256.1249695	210	335.2610923	141.4213562	50	287.923601	164.924225	86.02325267	259.6150997	271.6615541	284.4292531	251.7935662	382.7531842	98.99494937	304.1381265	259.4224354	58.30951895
25	160	199.2485885	102.9563014	94.33981132	272.0294102	187.8829423	102.9563014	184.3908891	273.1300057	30	148.6606875	100	20	199.2485885	125.2996409	268.3281573	248.394847	210.9502311	269.2582404	180.2775638	156.5247584	150.3329638	184.3908891	270.7397274	0	161.245155	183.5755975	53.85164807	186.0107524	228.035085	330.1514804	101.9803903	274.5906044	210.9502311	63.2455532	94.33981132	187.8829423	220.9072203	80	111.8033989	225.6102835	53.85164807	10	31.6227766	22.36067977	196.468827	206.1552813	120	107.7032961	241.8677324
26	20	232.594067	155.5634919	106.3014581	240	100.4987562	76.15773106	141.4213562	274.5906044	131.5294644	72.80109889	113.137085	181.1077028	85.44003745	164.0121947	263.0589288	182.4828759	269.2582404	294.1088234	262.488095	92.19544457	14.14213562	63.2455532	341.3209633	161.245155	0	193.1320792	110	130.3840481	200.9975124	291.5475947	184.3908891	250.1999201	131.5294644	196.977156	85.44003745	206.1552813	300	82.46211251	191.0497317	264.0075756	117.0469991	151.3274595	130.3840481	155.241747	42.42640687	245.9674775	44.72135955	84.85281374	290.6888371
27	174.642492	42.42640687	80.62257748	110.4536102	92.19544457	113.137085	210	64.03124237	92.19544457	170.8800749	120.8304597	100.4987562	194.1648784	141.4213562	58.30951895	85.44003745	100	86.02325267	101.9803903	101.9803903	102.9563014	180.2775638	150	155.5634919	183.5755975	193.1320792	0	184.3908891	78.10249676	53.85164807	148.6606875	92.19544457	92.19544457	102.9563014	148.6606875	210.2379604	14.14213562	125.2996409	160.3121954	86.02325267	72.11102551	145.6021978	178.8854382	180.2775638	161.245155	232.594067	56.56854249	162.788206	120.4159458	100
28	111.8033989	210.2379604	110	76.15773106	264.0075756	156.2049935	50	166.4331698	276.5863337	28.28427125	114.0175425	85.44003745	72.80109889	161.245155	130.3840481	269.2582404	228.035085	231.9482701	280.713377	208.8061302	127.2792206	100.4987562	143.1782106	298.3286778	53.85164807	110	184.3908891	0	164.0121947	219.317122	322.0248438	123.6931688	269.2582404	183.8477631	106.3014581	42.42640687	192.3538406	250	36.05551275	133.4166406	240	40	44.72135955	22.36067977	56.56854249	143.1782106	220	72.80109889	78.10249676	260.7680962
29	110.4536102	120.4159458	101.9803903	92.19544457	110.4536102	36.05551275	170.8800749	14.14213562	145.6021978	162.788206	60.8276253	86.02325267	202.4845673	64.03124237	90	133.4166406	64.03124237	164.0121947	170	174.642492	41.23105626	120	76.15773106	233.4523506	186.0107524	130.3840481	78.10249676	164.0121947	0	70.71067812	164.924225	130.3840481	120	30	177.2004515	174.642492	92.19544457	202.4845673	130.3840481	130	148.6606875	134.5362405	178.0449381	169.7056275	166.4331698	164.924225	134.5362405	114.0175425	86.02325267	176.9180601
30	181.1077028	80.62257748	127.2792206	143.1782106	44.72135955	104.4030651	235.3720459	60	76.15773106	210.9502311	130	134.1640786	240.8318916	130	106.3014581	63.2455532	53.85164807	123.6931688	106.3014581	150	110	190.2629759	145.6021978	183.5755975	228.035085	200.9975124	53.85164807	219.317122	70.71067812	0	102.9563014	144.222051	50.99019514	80.62257748	200	237.6972865	60.8276253	164.924225	189.7366596	138.9244399	98.48857802	183.5755975	222.0360331	219.544984	206.1552813	235.3720459	92.19544457	181.1077028	145.6021978	125.2996409
31	271.6615541	152.6433752	228.035085	245.9674775	58.30951895	191.0497317	335.2610923	158.113883	82.46211251	313.8470965	225.6102835	237.0653918	342.0526275	210	206.1552813	76.15773106	110	180.2775638	120.4159458	219.317122	206.1552813	282.8427125	230.2172887	210	330.1514804	291.5475947	148.6606875	322.0248438	164.924225	102.9563014	0	240.4163056	56.56854249	160.3121954	296.9848481	338.3784863	148.6606875	215.8703314	291.5475947	233.4523506	148.6606875	286.5309756	324.4996148	322.4903099	308.058436	320	156.5247584	278.9265136	246.9817807	162.788206
32	172.0465053	98.48857802	31.6227766	78.10249676	184.3908891	151.3274595	165.5294536	121.6552506	174.9285568	100.4987562	130	72.11102551	107.7032961	174.642492	41.23105626	172.0465053	180.2775638	110	167.6305461	85.44003745	123.6931688	170.2938637	170.8800749	174.642492	101.9803903	184.3908891	92.19544457	123.6931688	130.3840481	144.222051	240.4163056	0	183.8477631	160.3121954	56.56854249	161.5549442	92.19544457	126.4911064	116.6190379	10	123.6931688	85.44003745	100.4987562	110.4536102	80.62257748	226.715681	104.4030651	141.4213562	100	140.3566885
33	230.2172887	98.48857802	172.0465053	193.1320792	14.14213562	151.3274595	286.3564213	110.4536102	44.72135955	259.4224354	180.2775638	183.8477631	286.0069929	174.642492	150	31.6227766	80.62257748	131.5294644	85.44003745	167.6305461	160.3121954	240	192.3538406	174.642492	274.5906044	250.1999201	92.19544457	269.2582404	120	50.99019514	56.56854249	183.8477631	0	123.6931688	240.4163056	288.6173938	92.19544457	170.2938637	240.4163056	176.9180601	100.4987562	232.594067	269.2582404	268.3281573	252.3885893	282.8427125	104.4030651	231.9482701	196.468827	120.4159458
34	111.8033989	144.222051	131.5294644	116.6190379	111.8033989	31.6227766	183.5755975	41.23105626	156.5247584	186.0107524	72.11102551	111.8033989	228.2542442	50.99019514	120	143.1782106	50.99019514	188.6796226	186.0107524	202.4845673	56.56854249	123.6931688	70	256.1249695	210.9502311	131.5294644	102.9563014	183.8477631	30	80.62257748	160.3121954	160.3121954	123.6931688	0	206.1552813	188.6796226	116.6190379	228.2542442	148.6606875	160	170.2938637	158.113883	202.4845673	192.0937271	192.3538406	160.3121954	158.113883	125.2996409	106.3014581	198.4943324
35	189.7366596	152.6433752	76.15773106	100.4987562	240.8318916	191.0497317	155.5634919	170.8800749	230.2172887	78.10249676	160.3121954	100	60	210	94.33981132	228.035085	232.594067	155.241747	219.317122	120.4159458	160.3121954	183.8477631	200.9975124	210	63.2455532	196.977156	148.6606875	106.3014581	177.2004515	200	296.9848481	56.56854249	240.4163056	206.1552813	0	148.6606875	148.6606875	160	116.6190379	64.03124237	174.642492	80.62257748	67.08203932	86.02325267	50	237.0653918	156.5247584	152.3154621	121.6552506	186.8154169
36	94.33981132	240.8318916	143.1782106	100	281.6025568	158.113883	10	180.2775638	301.4962686	70.71067812	116.6190379	110	111.8033989	155.5634919	161.245155	292.7456234	237.0653918	266.8332813	310.1612484	246.9817807	134.1640786	80.62257748	134.5362405	335.2610923	94.33981132	85.44003745	210.2379604	42.42640687	174.642492	237.6972865	338.3784863	161.5549442	288.6173938	188.6796226	148.6606875	0	220	287.923601	50	170.8800749	271.6615541	76.15773106	86.02325267	64.03124237	98.99494937	110	251.7935662	64.03124237	92.19544457	294.2787794
37	187.8829423	28.28427125	85.44003745	120	94.33981132	127.2792206	220.2271555	78.10249676	85.44003745	177.2004515	134.1640786	110	197.2308292	155.5634919	63.2455532	80.62257748	110.4536102	72.11102551	90.55385138	90.55385138	116.6190379	193.1320792	164.0121947	141.4213562	187.8829423	206.1552813	14.14213562	192.3538406	92.19544457	60.8276253	148.6606875	92.19544457	92.19544457	116.6190379	148.6606875	220	0	111.8033989	170	84.85281374	58.30951895	152.9705854	183.8477631	186.8154169	165.5294536	245.9674775	42.42640687	174.642492	131.5294644	86.02325267
38	284.2534081	85.44003745	147.6482306	197.2308292	180	236.0084744	291.5475947	188.6796226	133.4166406	225.6102835	233.4523506	188.6796226	220	264.0075756	136.0147051	141.4213562	218.4032967	41.23105626	98.48857802	41.23105626	219.317122	286.0069929	269.0724809	50	220.9072203	300	125.2996409	250	202.4845673	164.924225	215.8703314	126.4911064	170.2938637	228.2542442	160	287.923601	111.8033989	0	241.6609195	117.0469991	70	211.896201	222.0360331	235.3720459	202.2374842	342.0526275	72.80109889	260.7680962	216.3330765	53.85164807
39	80	191.0497317	94.86832981	50	234.0939982	120.4159458	50.99019514	134.1640786	251.7935662	50	78.10249676	60	100	125.2996409	111.8033989	243.3105012	194.1648784	218.4032967	260.1922366	201.246118	92.19544457	70.71067812	107.7032961	287.923601	80	82.46211251	160.3121954	36.05551275	130.3840481	189.7366596	291.5475947	116.6190379	240.4163056	148.6606875	116.6190379	50	170	241.6609195	0	125.2996409	222.0360331	36.05551275	70	50.99019514	72.80109889	120.8304597	202.2374842	40	44.72135955	245.1530134
40	178.0449381	89.4427191	36.05551275	84.85281374	178.0449381	152.9705854	174.642492	120.4159458	166.4331698	110.4536102	134.1640786	78.10249676	117.0469991	177.2004515	40	164.0121947	177.2004515	100	158.113883	76.15773106	126.4911064	176.9180601	174.642492	164.924225	111.8033989	191.0497317	86.02325267	133.4166406	130	138.9244399	233.4523506	10	176.9180601	160	64.03124237	170.8800749	84.85281374	117.0469991	125.2996409	0	114.0175425	94.86832981	110.4536102	120.4159458	90.55385138	233.4523506	94.86832981	148.6606875	106.3014581	130.3840481
41	245.9674775	31.6227766	130	172.626765	110	184.3908891	272.9468813	134.5362405	67.08203932	220.9072203	192.3538406	162.788206	230.8679276	212.6029163	110.4536102	72.80109889	152.3154621	31.6227766	44.72135955	72.11102551	174.9285568	250.7987241	222.0360331	86.02325267	225.6102835	264.0075756	72.11102551	240	148.6606875	98.48857802	148.6606875	123.6931688	100.4987562	170.2938637	174.642492	271.6615541	58.30951895	70	222.0360331	114.0175425	0	200	223.6067977	230.8679276	203.9607805	304.1381265	20	230.8679276	186.8154169	28.28427125
42	111.8033989	170.2938637	70	42.42640687	228.2542442	134.1640786	80.62257748	134.5362405	237.6972865	28.28427125	94.86832981	50	72.80109889	145.6021978	90.55385138	230.8679276	197.9898987	192.3538406	240.8318916	170.8800749	102.9563014	104.4030651	131.5294644	259.6150997	53.85164807	117.0469991	145.6021978	40	134.5362405	183.5755975	286.5309756	85.44003745	232.594067	158.113883	80.62257748	76.15773106	152.9705854	211.896201	36.05551275	94.86832981	200	0	44.72135955	36.05551275	40	156.5247584	180	72.80109889	53.85164807	220.9072203
43	150	196.468827	98.48857802	86.02325267	266.2705391	178.8854382	94.33981132	176.9180601	269.2582404	20	139.2838828	92.19544457	30	189.7366596	120.8304597	264.0075756	240.8318916	210.2379604	266.8332813	181.1077028	147.6482306	140.3566885	174.642492	271.6615541	10	151.3274595	178.8854382	44.72135955	178.0449381	222.0360331	324.4996148	100.4987562	269.2582404	202.4845673	67.08203932	86.02325267	183.8477631	222.0360331	70	110.4536102	223.6067977	44.72135955	0	22.36067977	20	186.8154169	203.9607805	110	98.48857802	240.8318916
44	130.3840481	202.2374842	101.9803903	78.10249676	264.1968963	166.4331698	72.11102551	170.2938637	272.0294102	10	125.2996409	86.02325267	50.99019514	174.642492	123.6931688	265.7066051	233.4523506	220.2271555	272.9468813	194.1648784	136.0147051	120	158.113883	284.4292531	31.6227766	130.3840481	180.2775638	22.36067977	169.7056275	219.544984	322.4903099	110.4536102	268.3281573	192.0937271	86.02325267	64.03124237	186.8154169	235.3720459	50.99019514	120.4159458	230.8679276	36.05551275	22.36067977	0	36.05551275	164.924225	210.9502311	90.55385138	86.02325267	250
45	151.3274595	177.2004515	80.62257748	76.15773106	250	170.8800749	106.3014581	164.0121947	250.7987241	28.28427125	133.4166406	80.62257748	36.05551275	184.3908891	102.9563014	245.9674775	228.035085	190.2629759	247.3863375	161.245155	139.2838828	143.1782106	171.1724277	251.7935662	22.36067977	155.241747	161.245155	56.56854249	166.4331698	206.1552813	308.058436	80.62257748	252.3885893	192.3538406	50	98.99494937	165.5294536	202.2374842	72.80109889	90.55385138	203.9607805	40	20	36.05551275	0	193.1320792	184.3908891	111.8033989	92.19544457	220.9072203
46	58.30951895	272.9468813	197.9898987	148.6606875	271.6615541	131.5294644	100	177.2004515	310.4834939	167.6305461	111.8033989	155.5634919	215.8703314	110	206.1552813	298.3286778	210	310.6444913	332.4154028	304.7950131	130	56.56854249	90.55385138	382.7531842	196.468827	42.42640687	232.594067	143.1782106	164.924225	235.3720459	320	226.715681	282.8427125	160.3121954	237.0653918	110	245.9674775	342.0526275	120.8304597	233.4523506	304.1381265	156.5247584	186.8154169	164.924225	193.1320792	0	286.5309756	86.02325267	127.2792206	331.2099032
47	228.2542442	14.14213562	110	152.9705854	111.8033989	169.7056275	253.179778	120.4159458	78.10249676	200.9975124	174.9285568	143.1782106	211.896201	197.9898987	90.55385138	80.62257748	145.6021978	31.6227766	63.2455532	63.2455532	158.113883	232.594067	206.1552813	98.99494937	206.1552813	245.9674775	56.56854249	220	134.5362405	92.19544457	156.5247584	104.4030651	104.4030651	158.113883	156.5247584	251.7935662	42.42640687	72.80109889	202.2374842	94.86832981	20	180	203.9607805	210.9502311	184.3908891	286.5309756	0	211.896201	167.6305461	44.72135955
48	40	199.2485885	114.0175425	64.03124237	223.6067977	94.33981132	58.30951895	121.6552506	250.1999201	90	53.85164807	72.11102551	140	92.19544457	125.2996409	240	174.642492	232.594067	264.7640459	222.0360331	72.80109889	31.6227766	72.11102551	304.1381265	120	44.72135955	162.788206	72.80109889	114.0175425	181.1077028	278.9265136	141.4213562	231.9482701	125.2996409	152.3154621	64.03124237	174.642492	260.7680962	40	148.6606875	230.8679276	72.80109889	110	90.55385138	111.8033989	86.02325267	211.896201	0	44.72135955	256.3201124
49	72.11102551	155.241747	70.71067812	22.36067977	189.7366596	80.62257748	90.55385138	89.4427191	210.2379604	80.62257748	41.23105626	28.28427125	126.4911064	92.19544457	80.62257748	200.9975124	150	187.8829423	222.0360331	178.0449381	50	70.71067812	80	259.4224354	107.7032961	84.85281374	120.4159458	78.10249676	86.02325267	145.6021978	246.9817807	100	196.468827	106.3014581	121.6552506	92.19544457	131.5294644	216.3330765	44.72135955	106.3014581	186.8154169	53.85164807	98.48857802	86.02325267	92.19544457	127.2792206	167.6305461	44.72135955	0	211.896201
50	272.9468813	58.30951895	151.3274595	196.468827	131.5294644	212.6029163	296.1418579	162.788206	80.62257748	240	219.544984	186.8154169	245.1530134	240.8318916	133.4166406	90	178.8854382	31.6227766	44.72135955	72.11102551	202.4845673	277.3084925	250	58.30951895	241.8677324	290.6888371	100	260.7680962	176.9180601	125.2996409	162.788206	140.3566885	120.4159458	198.4943324	186.8154169	294.2787794	86.02325267	53.85164807	245.1530134	130.3840481	28.28427125	220.9072203	240.8318916	250	220.9072203	331.2099032	44.72135955	256.3201124	211.896201	0;

param d:=
0	0
1	2
2	2
3	1
4	2
5	8
6	12
7	2
8	2
9	12
10	1
11	2
12	4
13	8
14	1
15	4
16	4
17	8
18	4
19	8
20	4
21	12
22	8
23	2
24	1
25	8
26	4
27	1
28	12
29	12
30	2
31	1
32	8
33	2
34	8
35	2
36	12
37	4
38	8
39	4
40	12
41	4
42	12
43	4
44	4
45	8
46	12
47	2
48	4
49	8
50	2;
param puntos:= 21; 

param cotas: 
 	 1 	 2:= 

1	2866.727951	1809.523061
2	2868.767247	1772.802446
3	2870.833303	1746.868342
4	2871.353681	1731.530855
5	2874.229055	1705.637285
6	2883.771858	1682.688668
7	2887.485964	1659.210365
8	2897.031469	1647.179336
9	2913.745501	1623.790102
10	2923.853721	1599.877112
11	2943.651853	1571.390972
12	2968.872521	1555.33546
13	2987.496572	1530.159916
14	3016.995516	1508.38268
15	3050.742125	1476.342655
16	3074.740885	1462.057144
17	3127.555336	1437.437843
18	3220.156133	1416.979277
19	3319.259451	1391.846946
20	3455.050047	1369.370091
21	3650.144661	1347.988176
; 
