param n=100;
param m=6;
param K = 25;
param Q = 60;
param L =42;
param HC:= 
1 236.081
2 217.885
3 233.282
4 228.558
5 182.052
6 166.431;

param o:
	1	2	3	4	5	6	7	8	9	10	11	12	13	14	15	16	17	18	19	20	21	22	23	24	25	26	27	28	29	30	31	32	33	34	35	36	37	38	39	40	41	42	43	44	45	46	47	48	49	50	51	52	53	54	55	56	57	58	59	60	61	62	63	64	65	66	67	68	69	70	71	72	73	74	75	76	77	78	79	80	81	82	83	84	85	86	87	88	89	90	91	92	93	94	95	96	97	98	99	100:=
1	184.3908891	196.468827	98.99494937	114.0175425	148.6606875	140	76.15773106	150.3329638	63.2455532	193.1320792	136.0147051	219.544984	190	156.5247584	110.4536102	148.6606875	67.08203932	234.3074903	20	170.2938637	191.0497317	67.08203932	148.6606875	42.42640687	121.6552506	155.5634919	94.86832981	166.4331698	152.3154621	150.3329638	10	155.5634919	143.1782106	197.9898987	164.0121947	42.42640687	20	172.626765	178.0449381	110	199.2485885	143.1782106	176.9180601	183.5755975	187.8829423	90.55385138	126.4911064	120.8304597	80	176.9180601	70.71067812	85.44003745	152.3154621	152.3154621	22.36067977	30	114.0175425	121.6552506	136.0147051	184.3908891	41.23105626	143.1782106	101.9803903	98.99494937	130.3840481	53.85164807	80	150.3329638	165.5294536	219.544984	206.1552813	210.9502311	152.9705854	120	192.0937271	107.7032961	180.2775638	101.9803903	10	100	114.0175425	205.1828453	170.2938637	197.9898987	184.3908891	120.8304597	161.245155	164.0121947	186.0107524	133.4166406	31.6227766	104.4030651	202.4845673	36.05551275	94.86832981	183.5755975	90.55385138	161.245155	205.1828453	111.8033989
2	145.6021978	70.71067812	76.15773106	76.15773106	41.23105626	100	114.0175425	90.55385138	226.27417	50	60.8276253	50.99019514	111.8033989	170	258.069758	150	117.0469991	253.179778	188.6796226	14.14213562	230	194.1648784	213.7755833	130.3840481	121.6552506	212.1320344	110.4536102	190	89.4427191	110.4536102	180.2775638	31.6227766	117.0469991	240	10	170.2938637	156.2049935	76.15773106	241.8677324	252.3885893	64.03124237	130	22.36067977	264.7640459	36.05551275	230.2172887	101.9803903	228.4731932	116.6190379	220.2271555	152.9705854	111.8033989	40	252.9822128	150	156.5247584	237.0653918	82.46211251	218.4032967	220	161.5549442	70	120	183.8477631	70.71067812	219.317122	228.035085	291.5475947	86.02325267	215.8703314	230.8679276	213.7755833	273.1300057	101.9803903	22.36067977	145.6021978	253.179778	233.2380758	164.0121947	196.977156	110.4536102	50	210.2379604	40	20	90.55385138	305.2867504	200.2498439	210.2379604	114.0175425	142.126704	228.2542442	212.1320344	162.788206	219.544984	22.36067977	130.3840481	180	250	241.8677324
3	92.19544457	174.642492	186.8154169	140.3566885	220.9072203	111.8033989	201.246118	123.6931688	148.6606875	189.7366596	223.6067977	230.8679276	130.3840481	44.72135955	130	63.2455532	192.3538406	72.11102551	178.0449381	220.2271555	28.28427125	102.9563014	20	166.4331698	90	10	219.317122	28.28427125	257.0992026	104.4030651	170.2938637	220.2271555	265.7066051	36.05551275	210.2379604	120.4159458	148.6606875	148.6606875	31.6227766	120	183.8477631	82.46211251	230.2172887	58.30951895	196.468827	111.8033989	243.5159132	70	117.0469991	14.14213562	222.0360331	210.2379604	171.1724277	67.08203932	156.2049935	184.3908891	90	130	40	22.36067977	198.4943324	141.4213562	232.594067	64.03124237	225.6102835	152.3154621	123.6931688	136.0147051	264.7640459	70	44.72135955	60	98.48857802	110	231.9482701	72.80109889	44.72135955	100.4987562	155.5634919	67.08203932	237.6972865	260.7680962	10	250.7987241	230.8679276	230.8679276	148.6606875	14.14213562	30	256.3201124	150	90.55385138	50	127.2792206	92.19544457	203.9607805	228.2542442	36.05551275	44.72135955	100
4	67.08203932	155.241747	187.8829423	136.0147051	215.8703314	100.4987562	208.0865205	110	174.642492	172.626765	221.3594362	213.7755833	107.7032961	31.6227766	160.3121954	50.99019514	200	58.30951895	197.2308292	210.9502311	31.6227766	126.4911064	50.99019514	176.9180601	85.44003745	41.23105626	224.7220505	14.14213562	256.3201124	90	188.6796226	213.7755833	268.3281573	41.23105626	200.9975124	138.9244399	164.0121947	131.5294644	56.56854249	150.3329638	164.924225	70.71067812	220.9072203	84.85281374	181.1077028	140.3566885	245.9674775	100.4987562	122.0655562	28.28427125	233.4523506	216.3330765	160.3121954	98.48857802	170.2938637	198.4943324	120.4159458	123.6931688	70.71067812	22.36067977	212.6029163	130.3840481	238.5372088	85.44003745	224.7220505	177.2004515	151.3274595	167.6305461	262.488095	41.23105626	31.6227766	31.6227766	130	104.4030651	220	78.10249676	70.71067812	130	172.0465053	92.19544457	241.8677324	250.1999201	22.36067977	240.208243	220.2271555	232.594067	180.2775638	20	10	259.4224354	162.788206	120	22.36067977	144.222051	120.4159458	190.2629759	236.0084744	22.36067977	50.99019514	130.3840481
5	242.0743687	188.6796226	89.4427191	144.222051	80.62257748	186.0107524	80	184.3908891	215.8703314	170	64.03124237	164.924225	219.317122	245.9674775	263.0589288	228.2542442	90	335.4101966	158.113883	107.7032961	300.8321791	210	269.2582404	120	192.3538406	272.0294102	60	264.0075756	31.6227766	200	155.241747	89.4427191	10	310.1612484	111.8033989	180	150.3329638	184.3908891	300.8321791	261.7250466	183.5755975	210.9502311	104.4030651	315.7530681	156.5247584	240.8318916	31.6227766	260.7680962	158.113883	287.923601	89.4427191	70	142.126704	291.5475947	140.3566885	123.6931688	260	158.113883	264.7640459	291.5475947	117.0469991	162.788206	50.99019514	223.6067977	56.56854249	206.1552813	231.9482701	302.654919	40	305.2867504	308.7069808	300.1666204	300	174.9285568	123.6931688	202.4845673	308.058436	250.1999201	151.3274595	231.9482701	40	110	278.5677655	110.4536102	114.0175425	44.72135955	314.0063694	269.2582404	286.3564213	20	140	250	295.2964612	170	240	143.1782106	63.2455532	254.9509757	319.5309062	260.1922366
6	190	100.4987562	136.0147051	138.9244399	89.4427191	155.241747	170	143.1782106	290	80	107.7032961	41.23105626	150.3329638	223.6067977	322.0248438	203.9607805	174.9285568	300	250	64.03124237	282.8427125	258.069758	272.0294102	192.0937271	180.2775638	269.2582404	161.5549442	243.3105012	120.4159458	162.788206	242.0743687	80.62257748	150.3329638	292.7456234	70.71067812	234.3074903	219.317122	120.4159458	298.3286778	316.227766	90.55385138	184.3908891	58.30951895	322.8002478	70.71067812	294.1088234	143.1782106	290.6888371	180.2775638	274.5906044	206.1552813	165.5294536	98.48857802	313.8470965	212.6029163	216.3330765	300.1666204	143.1782106	278.5677655	272.9468813	219.544984	126.4911064	167.6305461	245.9674775	117.0469991	282.8427125	292.0616373	355.1056181	110	260.1922366	280.713377	260	335.4101966	161.5549442	42.42640687	206.1552813	310.4834939	296.8164416	226.715681	259.4224354	155.241747	40	264.7640459	41.23105626	50	136.0147051	368.9173349	254.9509757	261.7250466	151.3274595	205.1828453	291.5475947	260.1922366	226.715681	283.019434	63.2455532	180.2775638	233.4523506	302.654919	305.2867504;

param cost:
	1	2	3	4	5	6	7	8	9	10	11	12	13	14	15	16	17	18	19	20	21	22	23	24	25	26	27	28	29	30	31	32	33	34	35	36	37	38	39	40	41	42	43	44	45	46	47	48	49	50	51	52	53	54	55	56	57	58	59	60	61	62	63	64	65	66	67	68	69	70	71	72	73	74	75	76	77	78	79	80	81	82	83	84	85	86	87	88	89	90	91	92	93	94	95	96	97	98	99	100:=
1	0	90.55385138	155.5634919	98.99494937	170	56.56854249	186.0107524	58.30951895	200.9975124	110	180.2775638	150.3329638	41.23105626	50	202.4845673	41.23105626	180.2775638	110	203.9607805	158.113883	98.48857802	151.3274595	106.3014581	165.5294536	63.2455532	98.99494937	198.4943324	64.03124237	216.3330765	42.42640687	194.1648784	165.5294536	234.3074903	107.7032961	148.6606875	150.3329638	164.924225	70.71067812	122.0655562	193.1320792	100.4987562	41.23105626	167.6305461	150	120.4159458	177.2004515	212.6029163	147.6482306	107.7032961	94.33981132	219.544984	192.0937271	107.7032961	156.2049935	167.6305461	193.1320792	165.5294536	84.85281374	122.0655562	89.4427191	206.1552813	80.62257748	212.6029163	114.0175425	186.0107524	200.2498439	184.3908891	219.544984	219.544984	70.71067812	92.19544457	70	186.0107524	72.11102551	162.788206	80	136.0147051	170.8800749	174.642492	126.4911064	212.1320344	194.1648784	86.02325267	184.3908891	164.924225	198.4943324	233.2380758	78.10249676	76.15773106	226.715681	158.113883	161.5549442	70.71067812	151.3274595	158.113883	131.5294644	214.0093456	56.56854249	117.0469991	174.642492
2	90.55385138	0	121.6552506	82.46211251	108.1665383	70.71067812	161.245155	56.56854249	237.0653918	22.36067977	125.2996409	60	50	130	256.1249695	111.8033989	160.3121954	200.2498439	215.8703314	84.85281374	186.8154169	194.1648784	183.5755975	161.245155	98.99494937	178.8854382	164.924225	148.6606875	158.113883	72.11102551	206.1552813	100	183.5755975	196.468827	78.10249676	178.8854382	177.2004515	28.28427125	206.1552813	248.394847	10	94.33981132	92.19544457	232.594067	36.05551275	228.035085	165.5294536	212.6029163	120.8304597	180.2775638	200.9975124	162.788206	50.99019514	230.2172887	174.642492	191.0497317	226.27417	76.15773106	194.1648784	177.2004515	200.2498439	53.85164807	177.2004515	169.7056275	134.1640786	232.594067	230.2172887	282.8427125	156.2049935	160	182.4828759	160.3121954	256.1249695	86.02325267	80.62257748	127.2792206	219.317122	226.715681	186.8154169	183.8477631	170.8800749	111.8033989	170.8800749	102.9563014	86.02325267	152.3154621	296.9848481	161.5549442	164.924225	178.8854382	164.924225	219.317122	161.245155	174.642492	212.6029163	50	184.3908891	139.2838828	206.1552813	233.4523506
3	155.5634919	121.6552506	0	56.56854249	50	98.99494937	40	100	158.113883	110	41.23105626	126.4911064	138.9244399	156.5247584	196.977156	138.9244399	41.23105626	245.9674775	114.0175425	72.11102551	211.896201	136.0147051	182.4828759	56.56854249	102.9563014	184.3908891	44.72135955	174.642492	70.71067812	113.137085	106.3014581	56.56854249	80.62257748	221.3594362	67.08203932	107.7032961	86.02325267	107.7032961	213.7755833	193.1320792	120.4159458	122.0655562	78.10249676	230.8679276	100.4987562	170.8800749	58.30951895	181.1077028	70.71067812	199.2485885	80	41.23105626	70.71067812	210.2379604	78.10249676	80.62257748	184.3908891	70.71067812	180.2775638	202.4845673	85.44003745	80.62257748	58.30951895	140	40	150	165.5294536	234.0939982	80	216.3330765	219.317122	210.9502311	223.6067977	86.02325267	94.33981132	114.0175425	222.0360331	177.2004515	92.19544457	150.3329638	56.56854249	106.3014581	189.7366596	98.99494937	86.02325267	44.72135955	246.9817807	180.2775638	196.977156	72.11102551	72.11102551	174.642492	205.9126028	98.48857802	164.924225	92.19544457	63.2455532	165.5294536	230.8679276	186.8154169
4	98.99494937	82.46211251	56.56854249	0	80.62257748	42.42640687	89.4427191	44.72135955	158.113883	80.62257748	85.44003745	113.137085	85.44003745	104.4030651	184.3908891	85.44003745	85.44003745	193.1320792	133.4166406	82.46211251	162.788206	120.4159458	140.3566885	80	50.99019514	140	100	123.6931688	120.8304597	56.56854249	123.6931688	80	136.0147051	172.626765	72.80109889	100	94.86832981	60	170	178.0449381	85.44003745	67.08203932	92.19544457	191.0497317	78.10249676	156.2049935	114.0175425	152.3154621	42.42640687	151.3274595	126.4911064	94.33981132	42.42640687	177.2004515	92.19544457	110	161.245155	14.14213562	143.1782106	152.9705854	120.4159458	30	114.0175425	107.7032961	89.4427191	152.6433752	155.5634919	216.3330765	126.4911064	161.245155	167.6305461	156.5247584	196.977156	31.6227766	98.48857802	70.71067812	180.2775638	158.113883	104.4030651	120.8304597	113.137085	123.6931688	141.4213562	114.0175425	94.86832981	100	230.2172887	131.5294644	145.6021978	128.0624847	82.46211251	152.6433752	152.3154621	94.33981132	144.222051	78.10249676	116.6190379	114.0175425	182.4828759	166.4331698
5	170	108.1665383	50	80.62257748	0	117.0469991	80.62257748	111.8033989	208.0865205	89.4427191	20	90	142.126704	184.3908891	245.9674775	164.924225	86.02325267	272.0294102	162.788206	30	243.3105012	183.8477631	220	106.3014581	131.5294644	220.2271555	72.80109889	203.9607805	50	130	155.5634919	10	76.15773106	253.179778	31.6227766	156.5247584	136.0147051	106.3014581	250.1999201	241.6609195	102.9563014	145.6021978	31.6227766	270.1851217	76.15773106	219.317122	60.8276253	225.6102835	111.8033989	231.9482701	117.0469991	76.15773106	64.03124237	253.179778	128.0624847	128.0624847	230.8679276	92.19544457	220.9072203	233.4523506	130.3840481	89.4427191	80.62257748	182.4828759	30	200	214.7091055	282.3118843	50	237.6972865	247.3863375	234.0939982	269.2582404	111.8033989	50.99019514	150	260	224.7220505	142.126704	194.1648784	70	56.56854249	222.0360331	50	41.23105626	50	295.4657341	212.1320344	225.6102835	72.80109889	122.0655562	221.3594362	230.8679276	147.6482306	211.896201	63.2455532	92.19544457	194.1648784	263.0589288	234.0939982
6	56.56854249	70.71067812	98.99494937	42.42640687	117.0469991	0	130.3840481	14.14213562	170.8800749	80.62257748	125.2996409	120.8304597	50	70	186.0107524	50	125.2996409	155.241747	160	110.4536102	130	125.2996409	117.0469991	114.0175425	28.28427125	114.0175425	142.126704	90	161.245155	14.14213562	150	114.0175425	178.0449381	140	100.4987562	114.0175425	120	42.42640687	143.1782106	178.0449381	78.10249676	30	120.4159458	167.6305461	85.44003745	158.113883	156.2049935	142.126704	60	120.4159458	165.5294536	136.0147051	60	161.245155	120.4159458	143.1782106	155.5634919	28.28427125	125.2996409	120	155.241747	30	156.2049935	98.99494937	130.3840481	167.6305461	161.245155	212.1320344	165.5294536	120.8304597	131.5294644	117.0469991	186.0107524	20	120.4159458	56.56854249	155.241747	156.2049935	130	113.137085	155.5634919	150	110.4536102	140	120	142.126704	226.27417	100.4987562	110.4536102	170.2938637	110.4536102	148.6606875	114.0175425	111.8033989	142.126704	92.19544457	158.113883	80	150	162.788206
7	186.0107524	161.245155	40	89.4427191	80.62257748	130.3840481	0	134.1640786	139.2838828	150	64.03124237	164.924225	174.642492	178.0449381	184.3908891	162.788206	10	266.2705391	86.02325267	107.7032961	228.2542442	130	193.1320792	40	127.2792206	196.977156	20	194.1648784	76.15773106	144.222051	80.62257748	89.4427191	70	237.0653918	104.4030651	100	70.71067812	145.6021978	224.7220505	182.4828759	160.3121954	148.6606875	111.8033989	237.6972865	140.3566885	161.245155	50.99019514	181.1077028	86.02325267	214.7091055	40	10	110.4536102	212.1320344	60.8276253	50	180	102.9563014	186.8154169	219.544984	50	117.0469991	31.6227766	145.6021978	56.56854249	130	152.9705854	223.6067977	89.4427191	240.8318916	238.5372088	234.3074903	220	114.0175425	130	130.3840481	230.8679276	170.2938637	72.80109889	152.9705854	40	136.0147051	205.9126028	130.3840481	120.8304597	44.72135955	235.3720459	197.2308292	216.3330765	60	60	170	228.035085	90	160	131.5294644	28.28427125	186.0107524	245.9674775	180.2775638
8	58.30951895	56.56854249	100	44.72135955	111.8033989	14.14213562	134.1640786	0	183.8477631	67.08203932	122.0655562	107.7032961	41.23105626	80.62257748	200	60.8276253	130	162.788206	170.2938637	101.9803903	140.3566885	138.9244399	130	121.6552506	42.42640687	126.4911064	144.222051	100.4987562	158.113883	20	160.3121954	107.7032961	176.9180601	150.3329638	92.19544457	126.4911064	130.3840481	28.28427125	155.241747	192.0937271	64.03124237	41.23105626	111.8033989	180.2775638	72.80109889	172.0465053	155.5634919	156.2049935	70.71067812	131.5294644	170.8800749	138.9244399	50.99019514	174.9285568	130	151.3274595	169.7056275	31.6227766	138.9244399	130.3840481	162.788206	22.36067977	158.113883	113.137085	128.0624847	180.2775638	174.9285568	226.27417	161.245155	126.4911064	140.3566885	123.6931688	200	31.6227766	110	70.71067812	167.6305461	170.2938637	140.3566885	127.2792206	156.2049935	140.3566885	121.6552506	130.3840481	110.4536102	141.4213562	240.4163056	111.8033989	120	169.7056275	120	162.788206	121.6552506	123.6931688	156.2049935	80.62257748	161.245155	90.55385138	160.3121954	176.9180601
9	200.9975124	237.0653918	158.113883	158.113883	208.0865205	170.8800749	139.2838828	183.8477631	0	238.5372088	197.2308292	270.1851217	218.4032967	160.3121954	50.99019514	160.3121954	130	219.317122	60	226.715681	174.642492	50	130	102.9563014	145.6021978	139.2838828	158.113883	162.788206	215.4065923	177.2004515	60.8276253	214.0093456	206.1552813	178.8854382	219.317122	58.30951895	72.11102551	210.2379604	152.6433752	53.85164807	241.8677324	162.788206	234.3074903	148.6606875	236.0084744	42.42640687	189.7366596	86.02325267	116.6190379	161.5549442	130.3840481	148.6606875	200	113.137085	80.62257748	92.19544457	70.71067812	161.245155	111.8033989	170.8800749	100.4987562	183.5755975	164.924225	90.55385138	192.3538406	10	28.28427125	90.55385138	228.4731932	215.8703314	193.1320792	206.1552813	102.9563014	152.3154621	247.5883681	121.6552506	150	56.56854249	67.08203932	82.46211251	177.2004515	264.0075756	158.113883	256.1249695	240.8318916	183.8477631	100	155.241747	177.2004515	196.468827	86.02325267	64.03124237	196.468827	64.03124237	58.30951895	234.3074903	152.9705854	161.245155	183.5755975	64.03124237
10	110	22.36067977	110	80.62257748	89.4427191	80.62257748	150	67.08203932	238.5372088	0	107.7032961	41.23105626	70.71067812	145.6021978	261.7250466	126.4911064	150.3329638	220	211.896201	64.03124237	203.9607805	198.4943324	196.977156	155.241747	108.1665383	193.1320792	151.3274595	164.924225	138.9244399	85.44003745	202.4845673	80.62257748	165.5294536	213.7755833	58.30951895	180.2775638	174.642492	41.23105626	221.3594362	254.5584412	14.14213562	107.7032961	70.71067812	246.9817807	14.14213562	233.4523506	148.6606875	222.0360331	122.0655562	196.468827	190	150.3329638	41.23105626	241.8677324	170.8800749	184.3908891	234.3074903	78.10249676	205.9126028	194.1648784	192.3538406	56.56854249	162.788206	178.0449381	117.0469991	233.2380758	234.3074903	290.6888371	136.0147051	180.2775638	200.9975124	180	266.2705391	92.19544457	58.30951895	136.0147051	234.0939982	233.4523506	183.8477631	192.0937271	155.241747	89.4427191	186.8154169	80.62257748	64.03124237	136.0147051	304.7950131	177.2004515	182.4828759	161.5549442	161.5549442	226.715681	180.2775638	174.9285568	219.317122	28.28427125	171.1724277	155.241747	223.6067977	240.8318916
11	180.2775638	125.2996409	41.23105626	85.44003745	20	125.2996409	64.03124237	122.0655562	197.2308292	107.7032961	0	110	155.5634919	189.7366596	237.6972865	170.8800749	70.71067812	278.5677655	148.6606875	50	247.3863375	177.2004515	220.9072203	94.33981132	136.0147051	222.0360331	53.85164807	208.8061302	36.05551275	138.9244399	142.126704	30	58.30951895	257.0992026	50.99019514	148.6606875	125.2996409	120.4159458	251.7935662	234.0939982	120.8304597	152.3154621	50.99019514	270.1851217	94.86832981	211.896201	41.23105626	222.0360331	110	235.3720459	98.48857802	58.30951895	78.10249676	250.7987241	116.6190379	113.137085	225.6102835	98.48857802	220	237.6972865	114.0175425	100	60.8276253	180.2775638	10	188.6796226	206.1552813	275.1363298	41.23105626	245.9674775	252.9822128	241.6609195	264.7640459	117.0469991	70.71067812	151.3274595	260.7680962	218.4032967	130.3840481	191.0497317	50	72.11102551	225.6102835	67.08203932	60.8276253	30	287.923601	215.8703314	230.8679276	53.85164807	111.8033989	215.8703314	237.6972865	139.2838828	206.1552813	82.46211251	72.80109889	199.2485885	266.8332813	228.035085
12	150.3329638	60	126.4911064	113.137085	90	120.8304597	164.924225	107.7032961	270.1851217	41.23105626	110	0	110	186.8154169	297.3213749	167.6305461	167.6305461	260.1922366	237.0653918	60	245.1530134	233.4523506	237.6972865	178.8854382	147.6482306	234.0939982	161.245155	206.1552813	133.4166406	126.4911064	228.2542442	80	162.788206	254.9509757	60.8276253	212.6029163	202.4845673	82.46211251	262.488095	290.6888371	50	148.6606875	60.8276253	287.923601	36.05551275	269.0724809	150.3329638	260.7680962	155.5634919	237.6972865	203.9607805	162.788206	70.71067812	281.7800561	197.2308292	206.1552813	272.0294102	114.0175425	245.9674775	235.3720459	211.896201	94.33981132	170.2938637	216.3330765	120	264.0075756	268.7005769	328.0243893	126.4911064	220	241.8677324	220.2271555	305.2867504	130.3840481	41.23105626	174.9285568	275.1363298	270.1851217	210.9502311	230.2172887	160	64.03124237	228.035085	58.30951895	50.99019514	140	342.0526275	218.4032967	223.6067977	161.245155	188.6796226	264.0075756	220.9072203	206.1552813	256.1249695	36.05551275	181.1077028	196.468827	264.7640459	278.0287755
13	41.23105626	50	138.9244399	85.44003745	142.126704	50	174.642492	41.23105626	218.4032967	70.71067812	155.5634919	110	0	86.02325267	228.2542442	70.71067812	170.8800749	150.3329638	210	125.2996409	139.2838828	170.8800749	142.126704	162.788206	72.80109889	136.0147051	183.5755975	102.9563014	191.0497317	41.23105626	200	136.0147051	212.6029163	148.6606875	116.6190379	162.788206	170	36.05551275	161.245155	219.544984	60	58.30951895	134.1640786	188.6796226	82.46211251	201.246118	192.0937271	178.0449381	110	134.1640786	211.896201	178.8854382	78.10249676	191.0497317	170.2938637	192.3538406	194.1648784	72.80109889	155.5634919	130	203.9607805	58.30951895	197.2308292	138.9244399	162.788206	215.8703314	206.1552813	250	192.0937271	110	133.4166406	110.4536102	219.317122	70	126.4911064	98.48857802	174.9285568	197.2308292	180	152.6433752	194.1648784	158.113883	125.2996409	148.6606875	130	178.0449381	264.0075756	116.6190379	117.0469991	206.1552813	160.3121954	188.6796226	111.8033989	161.245155	183.5755975	94.86832981	201.246118	94.33981132	158.113883	202.4845673
14	50	130	156.5247584	104.4030651	184.3908891	70	178.0449381	80.62257748	160.3121954	145.6021978	189.7366596	186.8154169	86.02325267	0	155.241747	20	170.2938637	89.4427191	174.642492	180.2775638	60	110.4536102	56.56854249	148.6606875	53.85164807	50	194.1648784	20	224.7220505	60.8276253	165.5294536	182.4828759	237.0653918	70	170.2938637	117.0469991	138.9244399	104.4030651	76.15773106	145.6021978	139.2838828	40	190.2629759	102.9563014	152.9705854	131.5294644	214.7091055	98.48857802	92.19544457	50.99019514	205.1828453	186.0107524	130	106.3014581	144.222051	172.0465053	117.0469991	92.19544457	72.11102551	50	186.0107524	100	208.0865205	70	193.1320792	161.245155	140.3566885	170	230.8679276	64.03124237	63.2455532	56.56854249	136.0147051	72.80109889	190.2629759	50	89.4427191	123.6931688	147.6482306	80.62257748	210.9502311	220	41.23105626	210	190	201.246118	183.5755975	31.6227766	41.23105626	228.2542442	136.0147051	114.0175425	50	120.8304597	111.8033989	161.245155	206.1552813	10	80	126.4911064
15	202.4845673	256.1249695	196.977156	184.3908891	245.9674775	186.0107524	184.3908891	200	50.99019514	261.7250466	237.6972865	297.3213749	228.2542442	155.241747	0	161.5549442	174.642492	194.1648784	110.4536102	260.7680962	151.3274595	64.03124237	110	145.6021978	158.113883	120	203.9607805	151.3274595	259.6150997	188.6796226	110	250.5992817	253.179778	152.9705854	252.3885893	89.4427191	114.0175425	228.035085	123.6931688	10	262.488095	170	269.2582404	111.8033989	261.7250466	28.28427125	235.3720459	60	142.126704	140.3566885	180	194.1648784	226.715681	76.15773106	123.6931688	140.3566885	40	183.8477631	90	150.3329638	150	205.1828453	212.1320344	89.4427191	234.0939982	60.8276253	31.6227766	40	272.0294102	200	171.1724277	190	56.56854249	170.2938637	280.1785145	130.3840481	117.0469991	31.6227766	111.8033989	76.15773106	223.6067977	300.1666204	140	291.5475947	274.5906044	228.035085	50.99019514	140.3566885	160	243.3105012	126.4911064	41.23105626	180	98.48857802	44.72135955	262.488095	200.9975124	152.9705854	155.241747	30
16	41.23105626	111.8033989	138.9244399	85.44003745	164.924225	50	162.788206	60.8276253	160.3121954	126.4911064	170.8800749	167.6305461	70.71067812	20	161.5549442	0	155.5634919	107.7032961	167.6305461	160.3121954	80	110.4536102	72.11102551	136.0147051	36.05551275	67.08203932	178.0449381	40	206.1552813	41.23105626	158.113883	162.788206	219.544984	90	150.3329638	111.8033989	130	85.44003745	94.86832981	152.3154621	120.8304597	20	170.2938637	120.8304597	133.4166406	136.0147051	197.2308292	108.1665383	78.10249676	70.71067812	192.0937271	170.2938637	110	120.4159458	134.1640786	161.245155	125.2996409	72.80109889	84.85281374	70	174.9285568	80	192.0937271	72.80109889	174.642492	160	143.1782106	180.2775638	211.896201	78.10249676	82.46211251	72.11102551	148.6606875	53.85164807	170.2938637	41.23105626	107.7032961	130	139.2838828	85.44003745	194.1648784	200	60.8276253	190	170	183.5755975	194.1648784	50.99019514	60.8276253	210.9502311	125.2996409	120.8304597	67.08203932	114.0175425	117.0469991	141.4213562	191.0497317	30	100	134.1640786
17	180.2775638	160.3121954	41.23105626	85.44003745	86.02325267	125.2996409	10	130	130	150.3329638	70.71067812	167.6305461	170.8800749	170.2938637	174.642492	155.5634919	0	258.069758	78.10249676	111.8033989	219.544984	120	183.8477631	30	120.4159458	187.8829423	30	186.0107524	85.44003745	138.9244399	72.11102551	94.33981132	80	228.2542442	107.7032961	90	60.8276253	143.1782106	215.4065923	172.626765	160	142.126704	116.6190379	228.035085	141.4213562	151.3274595	60.8276253	171.1724277	78.10249676	205.9126028	41.23105626	20	110	202.2374842	50.99019514	42.42640687	170	98.48857802	177.2004515	210.9502311	44.72135955	114.0175425	41.23105626	136.0147051	64.03124237	120.8304597	143.1782106	213.7755833	98.48857802	233.4523506	230.2172887	226.715681	210	108.1665383	134.1640786	122.0655562	221.3594362	160.3121954	63.2455532	143.1782106	50	142.126704	197.2308292	136.0147051	125.2996409	53.85164807	225.6102835	188.6796226	208.0865205	70	50	160	220.2271555	80	150	133.4166406	36.05551275	178.0449381	237.0653918	170.2938637
18	110	200.2498439	245.9674775	193.1320792	272.0294102	155.241747	266.2705391	162.788206	219.317122	220	278.5677655	260.1922366	150.3329638	89.4427191	194.1648784	107.7032961	258.069758	0	250	264.7640459	44.72135955	174.9285568	89.4427191	234.3074903	143.1782106	80.62257748	283.019434	72.11102551	313.8470965	143.1782106	242.0743687	269.2582404	326.4965543	41.23105626	254.9509757	192.0937271	219.317122	180.2775638	70.71067812	184.3908891	210.2379604	126.4911064	274.5906044	90.55385138	230.2172887	180.2775638	304.1381265	136.0147051	180.2775638	58.30951895	290.6888371	274.5906044	213.7755833	120.4159458	226.27417	254.5584412	155.241747	180.2775638	107.7032961	50	268.7005769	184.3908891	296.8164416	136.0147051	282.3118843	223.6067977	193.1320792	190	319.5309062	41.23105626	28.28427125	40	150	161.5549442	271.6615541	136.0147051	80	167.6305461	226.715681	138.9244399	300.1666204	302.654919	64.03124237	292.7456234	272.9468813	290.6888371	200.2498439	70.71067812	50	317.6476035	219.317122	158.113883	41.23105626	198.4943324	161.5549442	240.8318916	294.1088234	80.62257748	40	164.924225
19	203.9607805	215.8703314	114.0175425	133.4166406	162.788206	160	86.02325267	170.2938637	60	211.896201	148.6606875	237.0653918	210	174.642492	110.4536102	167.6305461	78.10249676	250	0	186.0107524	206.1552813	78.10249676	162.788206	58.30951895	141.4213562	170.2938637	102.9563014	183.5755975	161.245155	170.2938637	10	170.2938637	148.6606875	212.6029163	180.2775638	58.30951895	40	192.3538406	191.0497317	111.8033989	218.4032967	162.788206	192.0937271	194.1648784	206.1552813	94.86832981	134.1640786	130.3840481	100	192.0937271	70.71067812	94.33981132	170.8800749	161.245155	41.23105626	36.05551275	120.8304597	141.4213562	148.6606875	200	41.23105626	162.788206	107.7032961	114.0175425	142.126704	50	82.46211251	150.3329638	174.9285568	237.0653918	222.0360331	228.2542442	158.113883	140	208.0865205	126.4911064	192.0937271	107.7032961	30	113.137085	120.8304597	219.317122	186.0107524	212.6029163	200	130.3840481	160	180.2775638	202.4845673	139.2838828	50.99019514	111.8033989	219.544984	53.85164807	102.9563014	201.246118	94.86832981	178.8854382	219.317122	117.0469991
20	158.113883	84.85281374	72.11102551	82.46211251	30	110.4536102	107.7032961	101.9803903	226.715681	64.03124237	50	60	125.2996409	180.2775638	260.7680962	160.3121954	111.8033989	264.7640459	186.0107524	0	240.208243	197.2308292	222.0360331	128.0624847	130.3840481	220.9072203	101.9803903	200.2498439	76.15773106	121.6552506	178.0449381	20	104.4030651	250.1999201	10	172.0465053	155.5634919	89.4427191	250.7987241	255.5386468	78.10249676	140.3566885	10	272.9468813	50	233.2380758	90.55385138	234.0939982	120.8304597	230	145.6021978	104.4030651	50.99019514	259.6150997	148.6606875	152.6433752	241.6609195	90.55385138	225.6102835	230.2172887	156.5247584	80.62257748	110.4536102	189.7366596	60	219.317122	230.2172887	295.2964612	72.11102551	228.035085	241.8677324	225.6102835	278.5677655	110.4536102	22.36067977	152.9705854	261.7250466	237.0653918	162.788206	202.4845673	100	41.23105626	220	31.6227766	14.14213562	80	308.8689042	210	220.9072203	101.9803903	141.4213562	232.594067	223.6067977	164.0121947	223.6067977	36.05551275	121.6552506	190.2629759	260.1922366	245.9674775
21	98.48857802	186.8154169	211.896201	162.788206	243.3105012	130	228.2542442	140.3566885	174.642492	203.9607805	247.3863375	245.1530134	139.2838828	60	151.3274595	80	219.544984	44.72135955	206.1552813	240.208243	0	130.3840481	44.72135955	194.1648784	111.8033989	36.05551275	245.9674775	40	281.6025568	120.4159458	198.4943324	241.8677324	291.5475947	10	230.2172887	148.6606875	176.9180601	162.788206	31.6227766	141.4213562	196.468827	100	250.1999201	58.30951895	212.1320344	136.0147051	269.2582404	92.19544457	143.1782106	14.14213562	250	237.0653918	190	80.62257748	184.3908891	212.6029163	111.8033989	151.3274595	63.2455532	10	226.715681	160	259.4224354	92.19544457	250	178.8854382	148.6606875	151.3274595	288.6173938	53.85164807	20	44.72135955	111.8033989	131.5294644	250.1999201	98.48857802	44.72135955	123.6931688	183.8477631	94.33981132	264.0075756	280	22.36067977	270	250	256.3201124	162.788206	31.6227766	22.36067977	282.3118843	178.0449381	114.0175425	36.05551275	155.5634919	117.0469991	220.9072203	255.5386468	50	20	121.6552506
22	151.3274595	194.1648784	136.0147051	120.4159458	183.8477631	125.2996409	130	138.9244399	50	198.4943324	177.2004515	233.4523506	170.8800749	110.4536102	64.03124237	110.4536102	120	174.9285568	78.10249676	197.2308292	130.3840481	0	86.02325267	90	98.48857802	94.33981132	150	114.0175425	202.2374842	130	72.11102551	187.8829423	200	136.0147051	188.6796226	30	60.8276253	166.4331698	113.137085	58.30951895	200	114.0175425	205.9126028	116.6190379	197.9898987	36.05551275	180.2775638	53.85164807	78.10249676	116.6190379	136.0147051	140	162.788206	85.44003745	70.71067812	94.86832981	50	120.4159458	70.71067812	125.2996409	107.7032961	142.126704	160.3121954	41.23105626	174.642492	50.99019514	36.05551275	98.48857802	213.7755833	167.6305461	147.6482306	158.113883	90	108.1665383	216.3330765	72.80109889	114.0175425	41.23105626	63.2455532	36.05551275	170	237.0653918	111.8033989	228.2542442	210.9502311	171.1724277	111.8033989	107.7032961	130	190	70	40	148.6606875	40	30	198.4943324	151.3274595	111.8033989	142.126704	50.99019514
23	106.3014581	183.5755975	182.4828759	140.3566885	220	117.0469991	193.1320792	130	130	196.977156	220.9072203	237.6972865	142.126704	56.56854249	110	72.11102551	183.8477631	89.4427191	162.788206	222.0360331	44.72135955	86.02325267	0	156.5247584	92.19544457	10	211.896201	44.72135955	253.179778	111.8033989	155.5634919	220.2271555	259.6150997	50	212.1320344	106.3014581	136.0147051	156.5247584	31.6227766	100	192.3538406	89.4427191	231.9482701	50.99019514	202.4845673	92.19544457	237.6972865	50	111.8033989	31.6227766	210.9502311	202.4845673	174.642492	50	144.222051	172.0465053	70	131.5294644	20	41.23105626	186.0107524	145.6021978	224.7220505	50	222.0360331	134.1640786	104.4030651	117.0469991	261.7250466	90	63.2455532	80	80.62257748	111.8033989	235.3720459	70	40	80.62257748	142.126704	50	230.8679276	263.0589288	30	253.179778	233.4523506	225.6102835	130	31.6227766	50	250	138.9244399	70.71067812	70	114.0175425	72.80109889	208.8061302	219.317122	50	56.56854249	80
24	165.5294536	161.245155	56.56854249	80	106.3014581	114.0175425	40	121.6552506	102.9563014	155.241747	94.33981132	178.8854382	162.788206	148.6606875	145.6021978	136.0147051	30	234.3074903	58.30951895	128.0624847	194.1648784	90	156.5247584	0	102.9563014	161.245155	60	162.788206	114.0175425	126.4911064	50	113.137085	110	202.4845673	122.0655562	60	31.6227766	140	187.8829423	143.1782106	162.788206	125.2996409	134.5362405	199.2485885	148.6606875	121.6552506	90.55385138	141.4213562	58.30951895	180.2775638	56.56854249	50	114.0175425	172.626765	22.36067977	30	140	90.55385138	148.6606875	186.0107524	41.23105626	110	70.71067812	107.7032961	89.4427191	94.33981132	114.0175425	184.3908891	126.4911064	212.6029163	206.1552813	205.1828453	180	94.86832981	150	98.99494937	193.1320792	130.3840481	36.05551275	114.0175425	80	162.788206	172.0465053	155.5634919	142.126704	82.46211251	196.468827	164.0121947	184.3908891	100	20	130	197.9898987	50	120	143.1782106	63.2455532	155.5634919	210.9502311	140.3566885
25	63.2455532	98.99494937	102.9563014	50.99019514	131.5294644	28.28427125	127.2792206	42.42640687	145.6021978	108.1665383	136.0147051	147.6482306	72.80109889	53.85164807	158.113883	36.05551275	120.4159458	143.1782106	141.4213562	130.3840481	111.8033989	98.48857802	92.19544457	102.9563014	0	90.55385138	142.126704	72.80109889	170.8800749	31.6227766	131.5294644	130.3840481	183.5755975	121.6552506	120.4159458	90.55385138	101.9803903	70.71067812	120.4159458	150	106.3014581	22.36067977	140.3566885	143.1782106	111.8033989	130.3840481	161.245155	114.0175425	44.72135955	100.4987562	158.113883	134.5362405	82.46211251	134.1640786	104.4030651	130	127.2792206	40	98.48857802	101.9803903	143.1782106	53.85164807	156.2049935	70.71067812	139.2838828	143.1782106	134.1640786	183.8477631	177.2004515	114.0175425	117.0469991	108.1665383	158.113883	20	143.1782106	28.28427125	131.5294644	128.0624847	111.8033989	84.85281374	158.113883	171.1724277	90.55385138	161.245155	141.4213562	147.6482306	197.9898987	80.62257748	94.86832981	174.9285568	94.86832981	120.4159458	102.9563014	90	114.0175425	117.0469991	155.5634919	63.2455532	131.5294644	134.5362405
26	98.99494937	178.8854382	184.3908891	140	220.2271555	114.0175425	196.977156	126.4911064	139.2838828	193.1320792	222.0360331	234.0939982	136.0147051	50	120	67.08203932	187.8829423	80.62257748	170.2938637	220.9072203	36.05551275	94.33981132	10	161.245155	90.55385138	0	215.4065923	36.05551275	254.9509757	107.7032961	162.788206	220	262.488095	42.42640687	210.9502311	113.137085	142.126704	152.3154621	30	110	187.8829423	85.44003745	230.8679276	53.85164807	199.2485885	101.9803903	240.4163056	60	114.0175425	22.36067977	216.3330765	206.1552813	172.626765	58.30951895	150	178.0449381	80	130.3840481	30	31.6227766	192.0937271	143.1782106	228.4731932	56.56854249	223.6067977	143.1782106	114.0175425	126.4911064	263.0589288	80	53.85164807	70	89.4427191	110.4536102	233.4523506	70.71067812	41.23105626	90.55385138	148.6606875	58.30951895	234.0939982	261.7250466	20	251.7935662	231.9482701	228.035085	139.2838828	22.36067977	40	252.9822128	144.222051	80.62257748	60	120.4159458	82.46211251	206.1552813	223.6067977	42.42640687	50	90
27	198.4943324	164.924225	44.72135955	100	72.80109889	142.126704	20	144.222051	158.113883	151.3274595	53.85164807	161.245155	183.5755975	194.1648784	203.9607805	178.0449381	30	283.019434	102.9563014	101.9803903	245.9674775	150	211.896201	60	142.126704	215.4065923	0	210.9502311	58.30951895	156.2049935	98.48857802	82.46211251	50	254.9509757	100.4987562	120	90.55385138	152.3154621	243.5159132	202.2374842	162.788206	162.788206	104.4030651	257.0992026	140.3566885	181.1077028	31.6227766	200.9975124	102.9563014	232.594067	44.72135955	10	114.0175425	231.9482701	80.62257748	67.08203932	200	114.0175425	206.1552813	237.0653918	64.03124237	125.2996409	14.14213562	164.924225	44.72135955	148.6606875	172.626765	243.3105012	72.11102551	256.1249695	255.5386468	250	240	127.2792206	123.6931688	147.6482306	250	190.2629759	92.19544457	172.626765	20	125.2996409	223.6067977	120.8304597	114.0175425	28.28427125	254.9509757	214.7091055	233.2380758	40	80	190	244.1311123	110	180	130	20	202.4845673	264.0075756	200.2498439
28	64.03124237	148.6606875	174.642492	123.6931688	203.9607805	90	194.1648784	100.4987562	162.788206	164.924225	208.8061302	206.1552813	102.9563014	20	151.3274595	40	186.0107524	72.11102551	183.5755975	200.2498439	40	114.0175425	44.72135955	162.788206	72.80109889	36.05551275	210.9502311	0	243.5159132	80.62257748	174.9285568	202.2374842	254.9509757	50	190.2629759	125.2996409	150	123.6931688	58.30951895	141.4213562	158.113883	60	210.2379604	86.02325267	172.626765	130	232.594067	92.19544457	108.1665383	31.6227766	219.317122	202.4845673	150	94.33981132	156.2049935	184.3908891	111.8033989	111.8033989	63.2455532	30	198.4943324	120	224.7220505	72.80109889	211.896201	164.924225	140.3566885	161.5549442	250	53.85164807	44.72135955	44.72135955	125.2996409	92.19544457	210.2379604	64.03124237	72.11102551	120.4159458	158.113883	80.62257748	228.2542442	240	22.36067977	230	210	219.317122	174.642492	14.14213562	22.36067977	245.9674775	148.6606875	110.4536102	36.05551275	130.3840481	110	181.1077028	222.0360331	10	60	121.6552506
29	216.3330765	158.113883	70.71067812	120.8304597	50	161.245155	76.15773106	158.113883	215.4065923	138.9244399	36.05551275	133.4166406	191.0497317	224.7220505	259.6150997	206.1552813	85.44003745	313.8470965	161.245155	76.15773106	281.6025568	202.2374842	253.179778	114.0175425	170.8800749	254.9509757	58.30951895	243.5159132	0	174.9285568	156.5247584	58.30951895	30	291.2043956	80.62257748	172.626765	145.6021978	155.5634919	284.4292531	257.0992026	152.6433752	187.8829423	72.80109889	301.4962686	125.2996409	235.3720459	28.28427125	250.1999201	141.4213562	269.2582404	98.99494937	67.08203932	113.137085	280	136.0147051	125.2996409	251.7935662	134.1640786	250.7987241	272.0294102	122.0655562	136.0147051	56.56854249	210.2379604	31.6227766	206.1552813	228.035085	298.3286778	14.14213562	281.7800561	287.923601	277.3084925	291.5475947	152.3154621	92.19544457	184.3908891	292.7456234	243.3105012	148.6606875	220	42.42640687	80.62257748	259.6150997	80	82.46211251	31.6227766	310.4834939	250	265.7066051	31.6227766	133.4166406	241.8677324	273.1300057	162.788206	231.9482701	111.8033989	70.71067812	234.0939982	300.8321791	253.179778
30	42.42640687	72.11102551	113.137085	56.56854249	130	14.14213562	144.222051	20	177.2004515	85.44003745	138.9244399	126.4911064	41.23105626	60.8276253	188.6796226	41.23105626	138.9244399	143.1782106	170.2938637	121.6552506	120.4159458	130	111.8033989	126.4911064	31.6227766	107.7032961	156.2049935	80.62257748	174.9285568	0	160.3121954	126.4911064	192.0937271	130.3840481	111.8033989	121.6552506	130.3840481	44.72135955	136.0147051	180.2775638	80.62257748	22.36067977	131.5294644	161.5549442	92.19544457	161.245155	170.2938637	141.4213562	70.71067812	111.8033989	178.8854382	150	70.71067812	158.113883	131.5294644	155.241747	156.2049935	42.42640687	122.0655562	110.4536102	167.6305461	41.23105626	170.2938637	100	144.222051	174.642492	165.5294536	212.6029163	178.8854382	107.7032961	120.4159458	104.4030651	184.3908891	31.6227766	130	58.30951895	148.6606875	158.113883	140.3566885	114.0175425	169.7056275	160.3121954	101.9803903	150.3329638	130.3840481	156.2049935	226.715681	92.19544457	100	184.3908891	121.6552506	150	101.9803903	120.4159458	144.222051	100.4987562	172.0465053	70.71067812	140.3566885	164.0121947
