param n=50;
param m=6;
param K = 20;
param Q = 60;
param L =25;
param o: 
		1	2	3	4	5	6	7	8	9	10	11	12	13	14	15	16	17	18	19	20	21	22	23	24	25	26	27	28	29	30	31	32	33	34	35	36	37	38	39	40	41	42	43	44	45	46	47	48	49	50:=
1	82.4621 	136.015 	90.5539 	67.082 	141.421 	30 	139.284 	40 	172.627 	136.015 	30 	63.2456 	178.885 	53.8516 	85.44 	161.245 	94.3398 	176.918 	193.132 	180.278 	10 	90.5539 	56.5685 	248.395 	161.245 	101.98 	94.3398 	134.536 	31.6228 	100 	196.469 	121.655 	150.333 	50 	161.245 	143.178 	108.167 	212.603 	100 	123.693 	166.433 	108.167 	152.643 	142.127 	143.178 	139.284 	150 	82.4621 	56.5685 	194.165 
2	44.7214 	243.516 	158.114 	108.167 	260.768 	123.693 	50.9902 	160 	291.548 	117.047 	90 	116.619 	164.924 	111.803 	170 	280.713 	206.155 	277.308 	308.058 	266.271 	110 	31.6228 	89.4427 	348.855 	145.602 	28.2843 	206.155 	92.1954 	150.333 	220 	314.006 	184.391 	270.185 	155.242 	188.68 	60.8276 	218.403 	305.287 	72.111 	192.094 	275.136 	108.167 	136.015 	114.018 	143.178 	50.9902 	256.32 	44.7214 	89.4427 	300.832 
3	264.197 	50 	141.421 	186.815 	130.384 	205.183 	286.356 	155.563 	82.4621 	230 	210.95 	177.2 	235.372 	233.452 	123.693 	90.5539 	174.642 	22.3607 	50 	64.0312 	194.165 	268.328 	242.074 	64.0312 	231.948 	281.78 	92.1954 	250.799 	169.706 	120.83 	164.924 	130.384 	120 	192.094 	177.2 	284.429 	78.1025 	50.9902 	235.372 	120.416 	22.3607 	210.95 	230.868 	240 	210.95 	322.49 	36.0555 	246.982 	202.485 	10 
4	50 	196.469 	108.167 	58.3095 	225.61 	100 	53.8516 	123.693 	250 	80 	58.3095 	67.082 	130 	100 	120.83 	240.208 	178.885 	228.473 	263.059 	216.333 	76.1577 	41.2311 	80.6226 	299.666 	110 	53.8516 	161.245 	63.2456 	117.047 	182.483 	281.603 	134.536 	233.452 	130.384 	143.178 	58.3095 	172.627 	255.539 	30 	142.127 	228.035 	63.2456 	100 	80.6226 	101.98 	94.3398 	208.806 	10 	41.2311 	252.982 
5	30 	202.485 	120.416 	70.7107 	222.036 	89.4427 	64.0312 	120.416 	250.799 	100 	50.9902 	78.1025 	150 	84.8528 	130.384 	240.208 	170.88 	237.065 	266.833 	228.035 	70.7107 	22.3607 	64.0312 	308.869 	130 	36.0555 	164.924 	82.4621 	111.803 	180.278 	276.586 	148.661 	230.868 	120.83 	161.555 	70.7107 	177.2 	266.271 	50 	155.563 	234.094 	82.4621 	120 	100.499 	121.655 	78.1025 	215.407 	10 	50 	260 
6	120 	191.05 	90.5539 	64.0312 	250.599 	152.643 	70.7107 	156.205 	259.615 	10 	111.803 	72.111 	60 	161.555 	111.803 	252.982 	219.317 	210.95 	261.725 	186.815 	122.066 	110.454 	145.602 	276.586 	40 	121.655 	167.631 	22.3607 	155.563 	205.913 	308.869 	101.98 	254.951 	178.045 	84.8528 	64.0312 	174.642 	228.035 	40 	111.803 	220.227 	22.3607 	30 	14.1421 	36.0555 	158.114 	200.25 	80 	72.111 	240.208 
;
param cost: 
	1	2	3	4	5	6	7	8	9	10	11	12	13	14	15	16	17	18	19	20	21	22	23	24	25	26	27	28	29	30	31	32	33	34	35	36	37	38	39	40	41	42	43	44	45	46	47	48	49	50:=
1	0	214.709	142.127	94.3398	220	80.6226	86.0233	121.655	254.951	130	53.8516	100	180	67.082	148.661	243.311	162.788	252.389	275.136	247.588	72.8011	14.1421	44.7214	324.5	160	20	174.642	111.803	110.454	181.108	271.662	172.047	230.217	111.803	189.737	94.3398	187.883	284.253	80	178.045	245.967	111.803	150	130.384	151.327	58.3095	228.254	40	72.111	272.947
2	214.709	0	100.499	141.421	104.403	155.563	241.868	106.301	78.1025	192.354	161.245	131.529	206.155	183.848	80	78.1025	133.417	44.7214	70.7107	70.7107	144.222	219.317	192.094	113.137	199.249	232.594	42.4264	210.238	120.416	80.6226	152.643	98.4886	98.4886	144.222	152.643	240.832	28.2843	85.44	191.05	89.4427	31.6228	170.294	196.469	202.237	177.2	272.947	14.1421	199.249	155.242	58.3095
3	142.127	100.499	0	50	170.294	120.416	145.602	94.8683	170.88	92.1954	98.4886	42.4264	114.018	143.178	22.3607	165.529	156.525	123.693	171.172	108.167	92.1954	141.421	139.284	193.132	102.956	155.563	80.6226	110	101.98	127.279	228.035	31.6228	172.047	131.529	76.1577	143.178	85.44	147.648	94.8683	36.0555	130	70	98.4886	101.98	80.6226	197.99	110	114.018	70.7107	151.327
4	94.3398	141.421	50	0	187.883	94.8683	100.499	92.1954	202.237	70.7107	60	10	111.803	110.454	63.2456	194.165	155.563	170.88	210.238	158.114	63.2456	92.1954	100.499	241.661	94.3398	106.301	110.454	76.1577	92.1954	143.178	245.967	78.1025	193.132	116.619	100.499	100	120	197.231	50	84.8528	172.627	42.4264	86.0233	78.1025	76.1577	148.661	152.971	64.0312	22.3607	196.469
5	220	104.403	170.294	187.883	0	140.357	278.927	101.98	58.3095	255.539	171.172	178.885	284.253	162.788	148.661	44.7214	67.082	140.357	98.4886	174.642	151.327	230.217	181.108	186.815	272.029	240	92.1954	264.008	110.454	44.7214	58.3095	184.391	14.1421	111.803	240.832	281.603	94.3398	180	234.094	178.045	110	228.254	266.271	264.197	250	271.662	111.803	223.607	189.737	131.529
6	80.6226	155.563	120.416	94.8683	140.357	0	152.643	50	180.278	161.245	42.4264	92.1954	206.155	28.2843	114.018	167.631	82.4621	198.494	205.913	205.913	31.6228	92.1954	41.2311	268.701	187.883	100.499	113.137	156.205	36.0555	104.403	191.05	151.327	151.327	31.6228	191.05	158.114	127.279	236.008	120.416	152.971	184.391	134.164	178.885	166.433	170.88	131.529	169.706	94.3398	80.6226	212.603
7	86.0233	241.868	145.602	100.499	278.927	152.643	0	177.2	300.666	78.1025	111.803	110.454	120.83	148.661	162.788	291.548	232.594	269.258	310.644	250.799	130	72.111	127.279	338.378	102.956	76.1577	210	50	170.88	235.372	335.261	165.529	286.356	183.576	155.563	10	220.227	291.548	50.9902	174.642	272.947	80.6226	94.3398	72.111	106.301	100	253.18	58.3095	90.5539	296.142
8	121.655	106.301	94.8683	92.1954	101.98	50	177.2	0	133.417	162.788	70	84.8528	200	78.1025	80.6226	121.655	64.0312	150	156.525	161.555	50	130.384	89.4427	219.317	184.391	141.421	64.0312	166.433	14.1421	60	158.114	121.655	110.454	41.2311	170.88	180.278	78.1025	188.68	134.164	120.416	134.536	134.536	176.918	170.294	164.012	177.2	120.416	121.655	89.4427	162.788
9	254.951	78.1025	170.88	202.237	58.3095	180.278	300.666	133.417	0	262.488	202.237	192.354	281.78	206.155	148.661	14.1421	120.416	98.4886	41.2311	138.924	182.483	263.059	221.359	131.529	273.13	274.591	92.1954	276.586	145.602	76.1577	82.4621	174.929	44.7214	156.525	230.217	301.496	85.44	133.417	251.794	166.433	67.082	237.697	269.258	272.029	250.799	310.483	78.1025	250.2	210.238	80.6226
10	130	192.354	92.1954	70.7107	255.539	161.245	78.1025	162.788	262.488	0	120.83	78.1025	50	170.88	114.018	256.32	226.274	210.238	263.059	184.391	130.384	120.416	155.242	274.591	30	131.529	170.88	28.2843	162.788	210.95	313.847	100.499	259.422	186.011	78.1025	70.7107	177.2	225.61	50	110.454	220.907	28.2843	20	10	28.2843	167.631	200.998	90	80.6226	240
11	53.8516	161.245	98.4886	60	171.172	42.4264	111.803	70	202.237	120.83	0	60.8276	167.631	50.9902	100	191.05	120.83	200	221.359	198.494	20	60.8276	41.2311	272.029	148.661	72.8011	120.83	114.018	60.8276	130	225.61	130	180.278	72.111	160.312	116.619	134.164	233.452	78.1025	134.164	192.354	94.8683	139.284	125.3	133.417	111.803	174.929	53.8516	41.2311	219.545
12	100	131.529	42.4264	10	178.885	92.1954	110.454	84.8528	192.354	78.1025	60.8276	0	116.619	110	53.8516	184.391	148.661	161.555	200.25	150	60.8276	98.9949	101.98	232.594	100	113.137	100.499	85.44	86.0233	134.164	237.065	72.111	183.848	111.803	100	110	110	188.68	60	78.1025	162.788	50	92.1954	86.0233	80.6226	155.563	143.178	72.111	28.2843	186.815
13	180	206.155	114.018	111.803	284.253	206.155	120.83	200	281.78	50	167.631	116.619	0	218.403	136.015	277.849	264.008	213.776	275.136	180.278	174.642	170.294	203.961	270	20	181.108	194.165	72.8011	202.485	240.832	342.053	107.703	286.007	228.254	60	111.803	197.231	220	100	117.047	230.868	72.8011	30	50.9902	36.0555	215.87	211.896	140	126.491	245.153
14	67.082	183.848	143.178	110.454	162.788	28.2843	148.661	78.1025	206.155	170.88	50.9902	110	218.403	0	139.284	193.132	100	226.716	233.238	233.238	50.9902	80.6226	22.3607	296.985	199.249	85.44	141.421	161.245	64.0312	130	210	174.642	174.642	50.9902	210	155.563	155.563	264.008	125.3	177.2	212.603	145.602	189.737	174.642	184.391	110	197.99	92.1954	92.1954	240.832
15	148.661	80	22.3607	63.2456	148.661	114.018	162.788	80.6226	148.661	114.018	100	53.8516	136.015	139.284	0	143.178	139.284	107.703	150.333	98.9949	89.4427	150	138.924	178.885	125.3	164.012	58.3095	130.384	90	106.301	206.155	41.2311	150	120	94.3398	161.245	63.2456	136.015	111.803	40	110.454	90.5539	120.83	123.693	102.956	206.155	90.5539	125.3	80.6226	133.417
16	243.311	78.1025	165.529	194.165	44.7214	167.631	291.548	121.655	14.1421	256.32	191.05	184.391	277.849	193.132	143.178	0	106.301	104.403	53.8516	143.178	171.172	251.794	208.806	143.178	268.328	263.059	85.44	269.258	133.417	63.2456	76.1577	172.047	31.6228	143.178	228.035	292.746	80.6226	141.421	243.311	164.012	72.8011	230.868	264.008	265.707	245.967	298.329	80.6226	240	200.998	90
17	162.788	133.417	156.525	155.563	67.082	82.4621	232.594	64.0312	120.416	226.274	120.83	148.661	264.008	100	139.284	106.301	0	177.2	156.205	200.998	102.956	174.642	120.416	237.065	248.395	182.483	100	228.035	64.0312	53.8516	110	180.278	80.6226	50.9902	232.594	237.065	110.454	218.403	194.165	177.2	152.315	197.99	240.832	233.452	228.035	210	145.602	174.642	150	178.885
18	252.389	44.7214	123.693	170.88	140.357	198.494	269.258	150	98.4886	210.238	200	161.555	213.776	226.716	107.703	104.403	177.2	0	70.7107	42.4264	184.391	255.539	233.452	72.111	210.95	269.258	86.0233	231.948	164.012	123.693	180.278	110	131.529	188.68	155.242	266.833	72.111	41.2311	218.403	100	31.6228	192.354	210.238	220.227	190.263	310.644	31.6228	232.594	187.883	31.6228
19	275.136	70.7107	171.172	210.238	98.4886	205.913	310.644	156.525	41.2311	263.059	221.359	200.25	275.136	233.238	150.333	53.8516	156.205	70.7107	0	113.137	202.485	281.603	245.967	90.5539	269.258	294.109	101.98	280.713	170	106.301	120.416	167.631	85.44	186.011	219.317	310.161	90.5539	98.4886	260.192	158.114	44.7214	240.832	266.833	272.947	247.386	332.415	63.2456	264.764	222.036	44.7214
20	247.588	70.7107	108.167	158.114	174.642	205.913	250.799	161.555	138.924	184.391	198.494	150	180.278	233.238	98.9949	143.178	200.998	42.4264	113.137	0	186.011	248.395	236.008	90.5539	180.278	262.488	101.98	208.806	174.642	150	219.317	85.44	167.631	202.485	120.416	246.982	90.5539	41.2311	201.246	76.1577	72.111	170.88	181.108	194.165	161.245	304.795	63.2456	222.036	178.045	72.111
21	72.8011	144.222	92.1954	63.2456	151.327	31.6228	130	50	182.483	130.384	20	60.8276	174.642	50.9902	89.4427	171.172	102.956	184.391	202.485	186.011	0	80.6226	50	256.125	156.525	92.1954	102.956	127.279	41.2311	110	206.155	123.693	160.312	56.5685	160.312	134.164	116.619	219.317	92.1954	126.491	174.929	102.956	147.648	136.015	139.284	130	158.114	72.8011	50	202.485
22	14.1421	219.317	141.421	92.1954	230.217	92.1954	72.111	130.384	263.059	120.416	60.8276	98.9949	170.294	80.6226	150	251.794	174.642	255.539	281.603	248.395	80.6226	0	58.3095	327.567	150.333	14.1421	180.278	100.499	120	190.263	282.843	170.294	240	123.693	183.848	80.6226	193.132	286.007	70.7107	176.918	250.799	104.403	140.357	120	143.178	56.5685	232.594	31.6228	70.7107	277.308
23	44.7214	192.094	139.284	100.499	181.108	41.2311	127.279	89.4427	221.359	155.242	41.2311	101.98	203.961	22.3607	138.924	208.806	120.416	233.452	245.967	236.008	50	58.3095	0	304.795	184.391	63.2456	150	143.178	76.1577	145.602	230.217	170.88	192.354	70	200.998	134.536	164.012	269.072	107.703	174.642	222.036	131.529	174.642	158.114	171.172	90.5539	206.155	72.111	80	250
24	324.5	113.137	193.132	241.661	186.815	268.701	338.378	219.317	131.529	274.591	272.029	232.594	270	296.985	178.885	143.178	237.065	72.111	90.5539	90.5539	256.125	327.567	304.795	0	270.74	341.321	155.563	298.329	233.452	183.576	210	174.642	174.642	256.125	210	335.261	141.421	50	287.924	164.924	86.0233	259.615	271.662	284.429	251.794	382.753	98.9949	304.138	259.422	58.3095
25	160	199.249	102.956	94.3398	272.029	187.883	102.956	184.391	273.13	30	148.661	100	20	199.249	125.3	268.328	248.395	210.95	269.258	180.278	156.525	150.333	184.391	270.74	0	161.245	183.576	53.8516	186.011	228.035	330.151	101.98	274.591	210.95	63.2456	94.3398	187.883	220.907	80	111.803	225.61	53.8516	10	31.6228	22.3607	196.469	206.155	120	107.703	241.868
26	20	232.594	155.563	106.301	240	100.499	76.1577	141.421	274.591	131.529	72.8011	113.137	181.108	85.44	164.012	263.059	182.483	269.258	294.109	262.488	92.1954	14.1421	63.2456	341.321	161.245	0	193.132	110	130.384	200.998	291.548	184.391	250.2	131.529	196.977	85.44	206.155	300	82.4621	191.05	264.008	117.047	151.327	130.384	155.242	42.4264	245.967	44.7214	84.8528	290.689
27	174.642	42.4264	80.6226	110.454	92.1954	113.137	210	64.0312	92.1954	170.88	120.83	100.499	194.165	141.421	58.3095	85.44	100	86.0233	101.98	101.98	102.956	180.278	150	155.563	183.576	193.132	0	184.391	78.1025	53.8516	148.661	92.1954	92.1954	102.956	148.661	210.238	14.1421	125.3	160.312	86.0233	72.111	145.602	178.885	180.278	161.245	232.594	56.5685	162.788	120.416	100
28	111.803	210.238	110	76.1577	264.008	156.205	50	166.433	276.586	28.2843	114.018	85.44	72.8011	161.245	130.384	269.258	228.035	231.948	280.713	208.806	127.279	100.499	143.178	298.329	53.8516	110	184.391	0	164.012	219.317	322.025	123.693	269.258	183.848	106.301	42.4264	192.354	250	36.0555	133.417	240	40	44.7214	22.3607	56.5685	143.178	220	72.8011	78.1025	260.768
29	110.454	120.416	101.98	92.1954	110.454	36.0555	170.88	14.1421	145.602	162.788	60.8276	86.0233	202.485	64.0312	90	133.417	64.0312	164.012	170	174.642	41.2311	120	76.1577	233.452	186.011	130.384	78.1025	164.012	0	70.7107	164.924	130.384	120	30	177.2	174.642	92.1954	202.485	130.384	130	148.661	134.536	178.045	169.706	166.433	164.924	134.536	114.018	86.0233	176.918
30	181.108	80.6226	127.279	143.178	44.7214	104.403	235.372	60	76.1577	210.95	130	134.164	240.832	130	106.301	63.2456	53.8516	123.693	106.301	150	110	190.263	145.602	183.576	228.035	200.998	53.8516	219.317	70.7107	0	102.956	144.222	50.9902	80.6226	200	237.697	60.8276	164.924	189.737	138.924	98.4886	183.576	222.036	219.545	206.155	235.372	92.1954	181.108	145.602	125.3
31	271.662	152.643	228.035	245.967	58.3095	191.05	335.261	158.114	82.4621	313.847	225.61	237.065	342.053	210	206.155	76.1577	110	180.278	120.416	219.317	206.155	282.843	230.217	210	330.151	291.548	148.661	322.025	164.924	102.956	0	240.416	56.5685	160.312	296.985	338.378	148.661	215.87	291.548	233.452	148.661	286.531	324.5	322.49	308.058	320	156.525	278.927	246.982	162.788
32	172.047	98.4886	31.6228	78.1025	184.391	151.327	165.529	121.655	174.929	100.499	130	72.111	107.703	174.642	41.2311	172.047	180.278	110	167.631	85.44	123.693	170.294	170.88	174.642	101.98	184.391	92.1954	123.693	130.384	144.222	240.416	0	183.848	160.312	56.5685	161.555	92.1954	126.491	116.619	10	123.693	85.44	100.499	110.454	80.6226	226.716	104.403	141.421	100	140.357
33	230.217	98.4886	172.047	193.132	14.1421	151.327	286.356	110.454	44.7214	259.422	180.278	183.848	286.007	174.642	150	31.6228	80.6226	131.529	85.44	167.631	160.312	240	192.354	174.642	274.591	250.2	92.1954	269.258	120	50.9902	56.5685	183.848	0	123.693	240.416	288.617	92.1954	170.294	240.416	176.918	100.499	232.594	269.258	268.328	252.389	282.843	104.403	231.948	196.469	120.416
34	111.803	144.222	131.529	116.619	111.803	31.6228	183.576	41.2311	156.525	186.011	72.111	111.803	228.254	50.9902	120	143.178	50.9902	188.68	186.011	202.485	56.5685	123.693	70	256.125	210.95	131.529	102.956	183.848	30	80.6226	160.312	160.312	123.693	0	206.155	188.68	116.619	228.254	148.661	160	170.294	158.114	202.485	192.094	192.354	160.312	158.114	125.3	106.301	198.494
35	189.737	152.643	76.1577	100.499	240.832	191.05	155.563	170.88	230.217	78.1025	160.312	100	60	210	94.3398	228.035	232.594	155.242	219.317	120.416	160.312	183.848	200.998	210	63.2456	196.977	148.661	106.301	177.2	200	296.985	56.5685	240.416	206.155	0	148.661	148.661	160	116.619	64.0312	174.642	80.6226	67.082	86.0233	50	237.065	156.525	152.315	121.655	186.815
36	94.3398	240.832	143.178	100	281.603	158.114	10	180.278	301.496	70.7107	116.619	110	111.803	155.563	161.245	292.746	237.065	266.833	310.161	246.982	134.164	80.6226	134.536	335.261	94.3398	85.44	210.238	42.4264	174.642	237.697	338.378	161.555	288.617	188.68	148.661	0	220	287.924	50	170.88	271.662	76.1577	86.0233	64.0312	98.9949	110	251.794	64.0312	92.1954	294.279
37	187.883	28.2843	85.44	120	94.3398	127.279	220.227	78.1025	85.44	177.2	134.164	110	197.231	155.563	63.2456	80.6226	110.454	72.111	90.5539	90.5539	116.619	193.132	164.012	141.421	187.883	206.155	14.1421	192.354	92.1954	60.8276	148.661	92.1954	92.1954	116.619	148.661	220	0	111.803	170	84.8528	58.3095	152.971	183.848	186.815	165.529	245.967	42.4264	174.642	131.529	86.0233
38	284.253	85.44	147.648	197.231	180	236.008	291.548	188.68	133.417	225.61	233.452	188.68	220	264.008	136.015	141.421	218.403	41.2311	98.4886	41.2311	219.317	286.007	269.072	50	220.907	300	125.3	250	202.485	164.924	215.87	126.491	170.294	228.254	160	287.924	111.803	0	241.661	117.047	70	211.896	222.036	235.372	202.237	342.053	72.8011	260.768	216.333	53.8516
39	80	191.05	94.8683	50	234.094	120.416	50.9902	134.164	251.794	50	78.1025	60	100	125.3	111.803	243.311	194.165	218.403	260.192	201.246	92.1954	70.7107	107.703	287.924	80	82.4621	160.312	36.0555	130.384	189.737	291.548	116.619	240.416	148.661	116.619	50	170	241.661	0	125.3	222.036	36.0555	70	50.9902	72.8011	120.83	202.237	40	44.7214	245.153
40	178.045	89.4427	36.0555	84.8528	178.045	152.971	174.642	120.416	166.433	110.454	134.164	78.1025	117.047	177.2	40	164.012	177.2	100	158.114	76.1577	126.491	176.918	174.642	164.924	111.803	191.05	86.0233	133.417	130	138.924	233.452	10	176.918	160	64.0312	170.88	84.8528	117.047	125.3	0	114.018	94.8683	110.454	120.416	90.5539	233.452	94.8683	148.661	106.301	130.384
41	245.967	31.6228	130	172.627	110	184.391	272.947	134.536	67.082	220.907	192.354	162.788	230.868	212.603	110.454	72.8011	152.315	31.6228	44.7214	72.111	174.929	250.799	222.036	86.0233	225.61	264.008	72.111	240	148.661	98.4886	148.661	123.693	100.499	170.294	174.642	271.662	58.3095	70	222.036	114.018	0	200	223.607	230.868	203.961	304.138	20	230.868	186.815	28.2843
42	111.803	170.294	70	42.4264	228.254	134.164	80.6226	134.536	237.697	28.2843	94.8683	50	72.8011	145.602	90.5539	230.868	197.99	192.354	240.832	170.88	102.956	104.403	131.529	259.615	53.8516	117.047	145.602	40	134.536	183.576	286.531	85.44	232.594	158.114	80.6226	76.1577	152.971	211.896	36.0555	94.8683	200	0	44.7214	36.0555	40	156.525	180	72.8011	53.8516	220.907
43	150	196.469	98.4886	86.0233	266.271	178.885	94.3398	176.918	269.258	20	139.284	92.1954	30	189.737	120.83	264.008	240.832	210.238	266.833	181.108	147.648	140.357	174.642	271.662	10	151.327	178.885	44.7214	178.045	222.036	324.5	100.499	269.258	202.485	67.082	86.0233	183.848	222.036	70	110.454	223.607	44.7214	0	22.3607	20	186.815	203.961	110	98.4886	240.832
44	130.384	202.237	101.98	78.1025	264.197	166.433	72.111	170.294	272.029	10	125.3	86.0233	50.9902	174.642	123.693	265.707	233.452	220.227	272.947	194.165	136.015	120	158.114	284.429	31.6228	130.384	180.278	22.3607	169.706	219.545	322.49	110.454	268.328	192.094	86.0233	64.0312	186.815	235.372	50.9902	120.416	230.868	36.0555	22.3607	0	36.0555	164.924	210.95	90.5539	86.0233	250
45	151.327	177.2	80.6226	76.1577	250	170.88	106.301	164.012	250.799	28.2843	133.417	80.6226	36.0555	184.391	102.956	245.967	228.035	190.263	247.386	161.245	139.284	143.178	171.172	251.794	22.3607	155.242	161.245	56.5685	166.433	206.155	308.058	80.6226	252.389	192.354	50	98.9949	165.529	202.237	72.8011	90.5539	203.961	40	20	36.0555	0	193.132	184.391	111.803	92.1954	220.907
46	58.3095	272.947	197.99	148.661	271.662	131.529	100	177.2	310.483	167.631	111.803	155.563	215.87	110	206.155	298.329	210	310.644	332.415	304.795	130	56.5685	90.5539	382.753	196.469	42.4264	232.594	143.178	164.924	235.372	320	226.716	282.843	160.312	237.065	110	245.967	342.053	120.83	233.452	304.138	156.525	186.815	164.924	193.132	0	286.531	86.0233	127.279	331.21
47	228.254	14.1421	110	152.971	111.803	169.706	253.18	120.416	78.1025	200.998	174.929	143.178	211.896	197.99	90.5539	80.6226	145.602	31.6228	63.2456	63.2456	158.114	232.594	206.155	98.9949	206.155	245.967	56.5685	220	134.536	92.1954	156.525	104.403	104.403	158.114	156.525	251.794	42.4264	72.8011	202.237	94.8683	20	180	203.961	210.95	184.391	286.531	0	211.896	167.631	44.7214
48	40	199.249	114.018	64.0312	223.607	94.3398	58.3095	121.655	250.2	90	53.8516	72.111	140	92.1954	125.3	240	174.642	232.594	264.764	222.036	72.8011	31.6228	72.111	304.138	120	44.7214	162.788	72.8011	114.018	181.108	278.927	141.421	231.948	125.3	152.315	64.0312	174.642	260.768	40	148.661	230.868	72.8011	110	90.5539	111.803	86.0233	211.896	0	44.7214	256.32
49	72.111	155.242	70.7107	22.3607	189.737	80.6226	90.5539	89.4427	210.238	80.6226	41.2311	28.2843	126.491	92.1954	80.6226	200.998	150	187.883	222.036	178.045	50	70.7107	80	259.422	107.703	84.8528	120.416	78.1025	86.0233	145.602	246.982	100	196.469	106.301	121.655	92.1954	131.529	216.333	44.7214	106.301	186.815	53.8516	98.4886	86.0233	92.1954	127.279	167.631	44.7214	0	211.896
50	272.947	58.3095	151.327	196.469	131.529	212.603	296.142	162.788	80.6226	240	219.545	186.815	245.153	240.832	133.417	90	178.885	31.6228	44.7214	72.111	202.485	277.308	250	58.3095	241.868	290.689	100	260.768	176.918	125.3	162.788	140.357	120.416	198.494	186.815	294.279	86.0233	53.8516	245.153	130.384	28.2843	220.907	240.832	250	220.907	331.21	44.7214	256.32	211.896	0
;

param d:=
1	2
2	2
3	1
4	2
5	8
6	12
7	2
8	2
9	12
10	1
11	2
12	4
13	8
14	1
15	4
16	4
17	8
18	4
19	8
20	4
21	12
22	8
23	2
24	1
25	8
26	4
27	1
28	12
29	12
30	2
31	1
32	8
33	2
34	8
35	2
36	12
37	4
38	8
39	4
40	12
41	4
42	12
43	4
44	4
45	8
46	12
47	2
48	4
49	8
50	2;
