param n=49;
param m=4;
param K = 4;
param Q = 200;
param L =23;
param HC:= 
1 128.578
2 120.7
3 123.304
4 128.49;

param o:
	1	2	3	4	5	6	7	8	9	10	11	12	13	14	15	16	17	18	19	20	21	22	23	24	25	26	27	28	29	30	31	32	33	34	35	36	37	38	39	40	41	42	43	44	45	46	47	48	49:=
1	60.88323561	35.75563096	48.16330077	58.40840081	90.12335697	45.33317506	8.767770583	94.0122484	17.27363969	18.96344789	22.52513585	61.51636924	117.8679293	50.81576315	56.6352617	58.84284787	97.12453901	71.25432878	84.40039695	82.97941627	62.89127139	25.00622706	47.6938831	55.09880784	58.92355391	57.04409075	54.22115132	49.75805151	85.25599208	46.08113845	21.77851804	15.84272278	98.47432909	12.78895918	6.840706177	34.48742364	1.141751724	65.96892305	35.70827838	81.85199933	22.07019187	39.25735422	43.85906544	16.1838594	25.74913212	69.84187802	54.85565422	42.09886014	9999
2	69.46123127	53.33706746	32.41545189	62.62852964	102.5120653	29.57466756	16.94705759	105.2547194	31.65650202	5.707304092	11.56711498	77.38375161	127.9778386	58.58859077	74.17834536	71.24721138	113.8138049	87.4923338	79.65987334	90.85506622	77.72438066	12.21216132	64.50394556	70.54898906	76.19117621	72.56330351	36.63799091	58.44268722	96.16537478	63.45816497	38.24340701	33.40127107	105.6151115	9.33869311	22.33625271	49.37950442	17.20603455	82.52286995	51.76911204	99.14552441	32.84531408	43.10027313	57.3821908	33.73394061	10.06955774	73.48400654	70.8374613	29.40957424	9999
3	16.33946342	43.97353832	98.00622421	30.59709022	36.72895453	95.2001048	49.30473497	40.3233955	59.89489799	70.01049473	75.01503916	75.76806801	64.56846329	17.7735773	45.41232367	5.534355699	59.82530991	34.60698232	72.53482189	34.4514081	82.43827465	63.14090133	29.46615822	73.99755462	39.41371855	20.53638844	96.87719086	14.77921571	31.75117423	52.85853138	35.32407849	44.81066489	49.97682921	65.74509973	56.05848061	21.84647386	53.12256248	73.67344799	60.39037296	76.21542293	32.99877104	88.22675855	74.82848662	44.49683324	75.85518479	115.528756	70.73329008	94.61349782	9999
4	63.91792896	5.255506921	83.00817674	71.41448803	77.11864034	80.33530472	42.58245837	84.09134083	27.08614207	55.41609979	57.00516813	28.97026967	109.0394932	58.61030995	21.77880777	51.60210796	66.61664336	45.26569803	108.5745097	83.54383135	34.19417531	62.0780809	23.42419188	25.46260743	27.46875689	37.77324059	91.69074432	55.81587353	77.3987614	8.34912696	24.09483945	22.69963174	98.93609279	48.2922574	33.26460613	29.68416489	38.37731503	30.40696659	13.07691955	44.12811351	39.48465303	49.89130493	26.92530967	22.46035087	62.09603921	70.92748464	22.86164753	74.15312169	9999;

param cost:
	1	2	3	4	5	6	7	8	9	10	11	12	13	14	15	16	17	18	19	20	21	22	23	24	25	26	27	28	29	30	31	32	33	34	35	36	37	38	39	40	41	42	43	44	45	46	47	48	49:=
1	0	58.68043358	100.3155984	17.35628074	37.91489757	97.63088043	54.55923483	37.62541147	70.4996812	74.42746193	79.96794198	91.44037406	58.67660001	11.00076293	61.74043442	17.68724569	72.15409672	49.02191673	58.28340526	22.12438187	97.79091572	63.9581255	45.66283488	89.20587712	55.70551543	36.4749427	96.00808587	11.17329674	28.42346355	68.4134892	46.44135228	55.57521337	37.7856384	71.53337359	64.70897886	34.76645977	60.05817284	89.73812383	74.27093044	92.51686551	38.81687784	98.30782883	88.52761583	55.32599083	79.40497408	127.0870364	86.1404679	98.87024918	0
2	58.68043358	0	82.30600022	66.22510988	72.81393137	79.57513281	39.64154207	79.56239492	27.40649823	54.0470279	56.1520462	34.02304257	104.5457553	53.37246595	21.40349133	46.60866084	65.15083626	42.42158787	103.7003189	78.42243174	39.43102088	59.33496575	19.43239707	30.71047981	25.68414503	33.57686921	89.96124446	50.56749079	72.6712109	12.10085237	19.7704502	20.07012506	93.86421726	47.05135384	32.01360273	24.44013003	36.21001988	34.89084295	17.16715731	47.06238771	35.05238289	52.28435232	31.46408139	19.77186891	60.81778454	74.81750931	28.03476658	74.02843542	0
3	100.3155984	82.30600022	0	90.99295939	134.6280741	2.851008593	49.34374208	136.9526851	56.25896313	29.27067934	26.17278594	99.49625807	158.9856439	89.31758032	103.6868138	103.4863486	145.2787059	119.3528954	97.04631386	120.8937743	97.45243373	36.53267881	95.85044517	92.08921189	106.7685057	104.7560589	19.23624841	89.60283777	127.7793658	90.66931064	69.85228604	63.50012693	134.8994514	35.62177382	50.38308748	81.67044579	48.17965085	106.228039	76.02694071	125.0827158	65.16905022	50.05533767	76.37123386	63.87207246	22.65661272	72.83920837	93.57946008	12.16015238	0
4	17.35628074	66.22510988	90.99295939	0	54.25145835	88.49007813	50.54923513	52.42929491	71.47340093	68.11302232	73.95424809	100.1538772	70.23301949	13.6837546	73.82864475	33.73745943	89.15112724	65.03213194	41.93888678	31.04333374	105.5637397	54.63258966	57.28095294	96.79478137	68.92539503	50.99672939	83.9782997	16.90630276	43.63509387	77.32845894	49.92953099	57.74347722	43.97679979	66.83023459	63.65237147	41.94889198	57.39152664	99.77485395	79.73754915	105.3153519	37.64014251	97.5399747	93.24383032	57.59458796	71.9693152	127.7063598	94.2596268	91.4856826	0
5	37.91489757	72.81393137	134.6280741	54.25145835	0	131.8348239	86.02728814	9.231405202	94.25463547	106.7372064	111.7047283	97.90746667	32.3704403	47.88980435	63.64089418	31.37101162	47.55061645	38.18003858	90.57528663	30.36950505	105.8860404	99.26514998	53.72213314	98.59624444	55.41991509	39.35052296	132.5127258	46.48896112	11.90025084	77.59132029	70.31269979	79.59494251	36.2581746	102.3588695	91.8612025	56.45097446	89.59492323	92.96996883	89.95980863	87.01714595	69.72703993	122.4074574	104.0415638	79.24273893	112.5695434	147.5069887	94.64435797	131.3290872	0
6	97.63088043	79.57513281	2.851008593	88.49007813	131.8348239	0	46.4983558	134.2035092	53.65828336	26.42828237	23.42500361	97.17686988	156.3059555	86.63598746	100.9464252	100.6763259	142.4535331	116.5106367	95.38580326	118.2870958	95.28145869	33.94510393	93.02395396	89.78798648	103.9775124	101.9054547	19.49695651	86.88756457	125.0368674	88.03639249	67.0116241	60.70242475	132.3630398	32.8196557	47.62513406	78.81967867	45.34195569	103.8216894	73.52177462	122.5609732	62.34487578	48.42620932	74.17338857	61.07344177	19.80579132	72.08996841	91.2078416	11.03023916	0
7	54.55923483	39.64154207	49.34374208	50.54923513	86.02728814	46.4983558	0	89.19921917	25.62264555	20.71587403	25.78282083	68.24518494	112.4790993	44.0599419	59.39274175	54.67388094	97.33193813	70.8089304	75.64406951	76.47113721	70.27521772	19.74061562	48.30680882	62.186654	60.51482189	55.69222729	52.18438239	43.3891912	80.22745556	50.92209	22.18970962	19.8911245	91.73116559	16.9745632	15.42506149	32.47107898	7.627221381	72.01106484	42.62632112	86.59734999	16.36200049	47.65699534	51.9544897	20.12271339	26.79450574	78.38642527	61.5549113	45.31137469	0
8	37.62541147	79.56239492	136.9526851	52.42929491	9.231405202	134.2035092	89.19921917	0	99.54816291	109.7823346	114.9818728	106.0166291	24.99816691	48.36499979	71.84611512	35.43551857	56.48488999	47.02214308	85.83904196	24.79080928	113.8667511	100.9873961	60.88391204	106.3622298	63.69564322	46.57620132	133.5517524	47.5527894	9.240543058	85.14807879	75.19575479	84.62801265	27.76343727	105.8810028	96.32794424	61.36426182	93.39354751	101.3788892	96.72424135	96.04378222	72.84154727	127.8611611	110.9803357	84.29233752	115.3191058	153.8558576	102.4863902	134.4292127	0
9	70.4996812	27.40649823	56.25896313	71.47340093	94.25463547	53.65828336	25.62264555	99.54816291	0	30.24084787	30.67986938	45.75822253	124.2523364	61.70732959	48.55056119	64.25683504	92.48433637	68.73195189	100.8885782	92.40736753	46.21825502	41.47650501	44.66183504	38.89380173	53.0313527	57.0955074	66.60837877	59.92960679	91.44422393	34.45327655	24.58300332	15.11145529	108.1851457	23.1277655	10.4613902	38.22582955	18.35489703	51.24474948	20.3985536	69.06197097	33.8430159	28.34683757	26.62201016	15.41148925	36.48716252	56.67950964	39.26021523	47.07873164	0
10	74.42746193	54.0470279	29.27067934	68.11302232	106.7372064	26.42828237	20.71587403	109.7823346	30.24084787	0	5.887368937	75.86495698	132.7852786	63.63336242	75.23915077	75.38878066	116.0729572	90.08246188	85.19236206	95.99246711	75.60805196	17.45960423	66.6444152	68.82389484	77.83185785	75.55190526	36.47007148	63.3388384	100.7536362	63.47353478	40.58392869	34.58900833	110.8795459	7.18455016	22.15432971	52.57065331	18.92375346	81.48258011	50.63155393	98.8718042	37.02755878	38.23451697	54.87505897	34.94919251	6.811002643	68.30301326	69.44106097	24.64725829	0
11	79.96794198	56.1520462	26.17278594	73.95424809	111.7047283	23.42500361	25.78282083	114.9818728	30.67986938	5.887368937	0	75.53223451	138.1828015	69.23409601	77.52150567	80.3339065	119.3413727	93.70573955	90.69072315	101.6323859	74.62007229	22.86042084	69.96120139	68.31153878	80.64290874	79.56375613	36.42101466	68.84463913	106.0055264	64.81877814	44.28944142	37.42321937	116.5950029	9.73740715	24.2113029	56.85373831	22.73770666	81.63020383	50.92721695	99.74087494	42.14172434	34.05560783	53.60204819	37.79958502	6.897237128	63.48835641	69.28111016	19.70819144	0
12	91.44037406	34.02304257	99.49625807	100.1538772	97.90746667	97.17686988	68.24518494	106.0166291	45.75822253	75.86495698	75.53223451	0	130.2638343	87.0933064	34.27984039	77.22593979	73.1238127	60.91303494	137.4863215	109.613768	8.466189816	86.51037827	46.84683821	7.469346692	42.52948624	60.14193672	111.9162462	84.17659604	100.7108131	23.04618793	52.69698224	49.08100523	124.428079	68.83286482	55.37558453	58.22331803	62.39566506	8.6873043	25.81002921	29.52729925	68.02167237	54.51152855	23.83710528	48.96301292	81.82681498	62.27054882	6.690288858	88.64922718	0
13	58.67660001	104.5457553	158.9856439	70.23301949	32.3704403	156.3059555	112.4790993	24.99816691	124.2523364	132.7852786	138.1828015	130.2638343	0	69.66999068	95.98853976	59.99755749	73.36004669	70.08789879	95.30515718	39.20298871	138.2560039	122.5731589	85.76188377	130.9454955	87.75400628	71.40927627	153.8814256	69.55040771	32.83374028	109.8674211	99.77900513	109.2493644	30.15799758	129.3614171	120.5870027	86.02666545	117.181598	125.1979638	121.7105252	118.0885305	96.23645161	152.5940775	135.9446802	108.9225821	137.9764451	178.8364244	127.0062213	157.3534883	0
14	11.00076293	53.37246595	89.31758032	13.6837546	47.88980435	86.63598746	44.0599419	48.36499979	61.70732959	63.63336242	69.23409601	87.0933064	69.66999068	0	60.15049111	21.87626186	77.44511163	52.3597214	55.22169751	32.4312018	92.80285544	52.96104305	43.6063547	84.06969918	55.28038802	37.71337508	85.18675266	3.240496413	39.12762841	64.14208236	38.55216286	47.16574496	47.70667781	60.99997367	55.11028886	28.93620794	49.930907	86.39118235	67.74044609	91.63163424	28.82748862	88.99147782	81.64067246	46.95995931	68.49422056	118.3785525	81.35694577	87.99466632	0
15	61.74043442	21.40349133	103.6868138	73.82864475	63.64089418	100.9464252	59.39274175	71.84611512	48.55056119	75.23915077	77.52150567	34.27984039	95.98853976	60.15049111	0	45.52341835	45.10223561	27.02121881	114.5263581	77.44120075	42.37187455	79.07920012	16.55243417	35.64007482	8.260281896	26.94363281	110.7948793	56.94782266	66.93009352	16.94530947	37.56978174	40.79254521	91.57195905	68.32348669	53.33873277	34.41520985	56.97233368	29.72477292	33.48622996	31.58330588	51.02316287	71.25661412	44.88109572	40.4530531	82.03557153	89.59020668	31.51335647	95.39949776	0
16	17.68724569	46.60866084	103.4863486	33.73745943	31.37101162	100.6763259	54.67388094	35.43551857	64.25683504	75.38878066	80.3339065	77.22593979	59.99755749	21.87626186	45.52341835	0	55.650096	31.44100997	75.51712649	32.38790794	84.22682827	68.67518861	30.41600495	75.96362709	38.8334595	19.17687954	102.4040839	19.17790239	27.19210863	54.60156076	39.79810018	49.25788807	47.43248951	70.99942282	60.91637321	26.03147727	58.28445166	74.53112116	63.40985643	75.53429536	38.41382862	92.6013232	77.86049394	48.92895561	81.2874722	119.3679269	72.51877838	99.96470968	0
17	72.15409672	65.15083626	145.2787059	89.15112724	47.55061645	142.4535331	97.33193813	56.48488999	92.48433637	116.0729572	119.3413727	73.1238127	73.36004669	77.44511163	45.10223561	55.650096	0	26.95303324	130.3755038	75.46388303	81.52683324	115.7196575	49.43065642	77.2226623	39.46790777	43.00500892	149.394475	74.5725829	57.7998144	61.87716065	75.59395146	81.95464244	83.75659616	109.7036982	95.40836069	65.56773598	97.15561967	65.38947224	78.58181535	50.6876737	84.21356798	116.3488197	89.2461393	81.57428773	122.8236993	133.4740639	73.06037572	138.2447004	0
18	49.02191673	42.42158787	119.3528954	65.03213194	38.18003858	116.5106367	70.8089304	47.02214308	68.73195189	90.08246188	93.70573955	60.91303494	70.08789879	52.3597214	27.02121881	31.44100997	26.95303324	0	106.9157764	58.25084536	69.17824378	88.89216988	24.14783272	62.65926671	18.93209193	16.10250803	122.6885186	49.29043428	43.95686977	43.0764904	49.50368215	56.69486549	70.26126225	83.98696371	70.23724449	38.72002434	71.18404757	55.26148254	58.22458159	49.19306768	57.29926182	94.70586597	71.01653219	56.30886301	96.75846736	115.7088999	58.52225944	112.9822804	0
19	58.28340526	103.7003189	97.04631386	41.93888678	90.57528663	95.38580326	75.64406951	85.83904196	100.8885782	85.19236206	90.69072315	137.4863215	95.30515718	55.22169751	114.5263581	75.51712649	130.3755038	106.9157764	0	61.05187606	141.726223	67.83031468	98.05066189	133.0189527	110.2801388	92.87707166	82.58037591	58.44874733	78.76760335	115.5488145	84.90029103	90.28634919	65.1541459	87.42807467	91.02666916	80.86521483	83.25866313	138.4172302	114.3026063	146.1062012	69.8425306	121.834468	126.1558143	90.27546073	85.82261903	152.6582522	131.1388316	102.5978115	0
20	22.12438187	78.42243174	120.8937743	31.04333374	30.36950505	118.2870958	76.47113721	24.79080928	92.40736753	95.99246711	101.6323859	109.613768	39.20298871	32.4312018	77.44120075	32.38790794	75.46388303	58.25084536	61.05187606	0	116.5775439	84.36159409	62.79072607	108.2522843	70.21312021	50.53581892	114.8858193	33.2219648	18.52726534	86.94658013	68.10267361	77.38864749	15.79236632	93.42434138	86.82522269	55.61380983	82.14064166	106.7785978	94.76926933	106.1971543	60.90923472	120.35173	109.1815458	77.12295767	100.6638729	148.8551796	104.865179	120.2196375	0
21	97.79091572	39.43102088	97.45243373	105.5637397	105.8860404	95.28145869	70.27521772	113.8667511	46.21825502	75.60805196	74.62007229	8.466189816	138.2560039	92.80285544	42.37187455	84.22682827	81.52683324	69.17824378	141.726223	116.5775439	0	87.63468487	54.03599134	8.780360015	50.63188965	67.69557541	111.0009244	89.99225129	108.3205806	29.63096414	56.87201045	52.01763178	131.5928339	68.79662964	56.38507583	63.87091059	63.85956282	16.45180483	27.8471372	36.444163	71.91284899	50.33746471	21.13280071	51.95868836	81.18153103	54.84542617	11.7133374	86.16447761	0
22	63.9581255	59.33496575	36.53267881	54.63258966	99.26514998	33.94510393	19.74061562	100.9873961	41.47650501	17.45960423	22.86042084	86.51037827	122.5731589	52.96104305	79.07920012	68.67518861	115.7196575	88.89216988	67.83031468	84.36159409	87.63468487	0	67.35217969	80.01430208	79.88889603	73.2218403	34.04593794	53.45286771	91.76640654	70.42696348	41.65458236	39.40974439	98.43651368	21.15177565	31.26343687	50.17298234	24.17115283	90.91700779	60.70038393	106.1835312	31.75716513	55.30913447	67.91163821	39.67141985	18.47657514	85.6692374	79.85596043	37.31701833	0
23	45.66283488	19.43239707	95.85044517	57.28095294	53.72213314	93.02395396	48.30680882	60.88391204	44.66183504	66.6444152	69.96120139	46.84683821	85.76188377	43.6063547	16.55243417	30.41600495	49.43065642	24.14783272	98.05066189	62.79072607	54.03599134	67.35217969	0	46.00359866	13.20995269	14.37461798	100.4904897	40.41000125	54.60565202	24.56770213	26.26697655	32.68747687	77.60064862	60.29571104	46.2204694	18.94195481	47.7317897	44.24276739	36.38694956	48.10729322	37.05064645	71.23670153	50.32983308	32.3030541	73.40183445	94.20226377	42.3736683	89.04770143	0
24	89.20587712	30.71047981	92.08921189	96.79478137	98.59624444	89.78798648	62.186654	106.3622298	38.89380173	68.82389484	68.31153878	7.469346692	130.9454955	84.06969918	35.64007482	75.96362709	77.2226623	62.65926671	133.0189527	108.2522843	8.780360015	80.01430208	46.00359866	0	43.82094773	59.93571493	104.7230582	81.27766769	100.5239639	21.44105189	48.13738478	43.54880354	123.3837688	61.85194687	48.77131643	55.14676848	56.02409091	15.46959353	19.56573587	36.3495971	63.23743831	47.17401451	16.4114733	43.47159912	74.68063076	56.7288855	4.21029512	81.19752028	0
25	55.70551543	25.68414503	106.7685057	68.92539503	55.41991509	103.9775124	60.51482189	63.69564322	53.0313527	77.83185785	80.64290874	42.52948624	87.75400628	55.28038802	8.260281896	38.8334595	39.46790777	18.93209193	110.2801388	70.21312021	50.63188965	79.88889603	13.20995269	43.82094773	0	19.76536142	112.5567386	52.04176785	59.00154636	24.26616117	38.32616778	43.28264125	84.00813851	71.16326693	56.48678396	32.1501963	59.10785005	37.71641733	40.04726218	36.81172749	50.13656622	77.35885227	52.298214	42.91462448	84.63920043	97.04212781	39.71916471	99.16474474	0
26	36.4749427	33.57686921	104.7560589	50.99672939	39.35052296	101.9054547	55.69222729	46.57620132	57.0955074	75.55190526	79.56375613	60.14193672	71.40927627	37.71337508	26.94363281	19.17687954	43.00500892	16.10250803	92.87707166	50.53581892	67.69557541	73.2218403	14.37461798	59.93571493	19.76536142	0	107.1595726	34.52141047	40.62596467	38.61062716	35.36898456	43.58843243	64.65996177	69.83155648	56.9208991	23.24520703	56.84125687	56.51579333	50.667952	56.36431975	41.50036626	84.5333111	64.69272308	43.20664812	82.0999491	108.3889046	56.15548936	99.11432058	0
27	96.00808587	89.96124446	19.23624841	83.9782997	132.5127258	19.49695651	52.18438239	133.5517524	66.60837877	36.47007148	36.42101466	111.9162462	153.8814256	85.18675266	110.7948793	102.4040839	149.394475	122.6885186	82.58037591	114.8858193	111.0009244	34.04593794	100.4904897	104.7230582	112.5567386	107.1595726	0	86.15671976	124.3139614	99.8359098	74.30665323	70.03602034	127.6867797	43.65419372	58.4781312	84.00208755	53.83307044	117.8262427	87.00204977	135.3301957	65.77271101	66.70650459	89.93116404	70.36639443	30.13877597	91.53509264	105.6100506	30.47058229	0
28	11.17329674	50.56749079	89.60283777	16.90630276	46.48896112	86.88756457	43.3891912	47.5527894	59.92960679	63.3388384	68.84463913	84.17659604	69.55040771	3.240496413	56.94782266	19.17790239	74.5725829	49.29043428	58.44874733	33.2219648	89.99225129	53.45286771	40.41000125	81.27766769	52.04176785	34.52141047	86.15671976	0	38.32229179	61.19019229	36.36522055	45.20102305	48.76347031	60.36371454	53.73987146	26.13513231	48.91930054	83.34634411	65.22204784	88.41316809	27.6881668	87.48704157	79.23048008	44.97732723	68.42791434	116.602772	78.50246163	87.83928304	0
29	28.42346355	72.6712109	127.7793658	43.63509387	11.90025084	125.0368674	80.22745556	9.240543058	91.44422393	100.7536362	106.0055264	100.7108131	32.83374028	39.12762841	66.93009352	27.19210863	57.7998144	43.95686977	78.76760335	18.52726534	108.3205806	91.76640654	54.60565202	100.5239639	59.00154636	40.62596467	124.3139614	38.32229179	0	79.13340398	66.94943956	76.4235531	26.61540691	96.9836512	87.80133904	53.2215299	84.60636915	96.64975429	89.75680608	93.08876635	63.88809189	119.7902147	104.1321176	76.09849558	106.2234969	146.3755885	96.77474324	125.3947792	0
30	68.4134892	12.10085237	90.66931064	77.32845894	77.59132029	88.03639249	50.92209	85.14807879	34.45327655	63.47353478	64.81877814	23.04618793	109.8674211	64.14208236	16.94530947	54.60156076	61.87716065	43.0764904	115.5488145	86.94658013	29.63096414	70.42696348	24.56770213	21.44105189	24.26616117	38.61062716	99.8359098	61.19019229	79.13340398	0	31.85419365	31.045296	101.9918984	56.3178862	41.36050836	35.38807313	46.68836575	22.88357162	16.87368727	35.79188965	47.15320996	54.72404138	28.04521082	30.80272332	70.10055526	72.7923357	17.91904308	81.44835263	0
31	46.44135228	19.7704502	69.85228604	49.92953099	70.31269979	67.0116241	22.18970962	75.19575479	24.58300332	40.58392869	44.28944142	52.69698224	99.77900513	38.55216286	37.56978174	39.79810018	75.59395146	49.50368215	84.90029103	68.10267361	56.87201045	41.65458236	26.26697655	48.13738478	38.32616778	35.36898456	74.30665323	36.36522055	66.94943956	31.85419365	0	9.486624531	83.89503993	34.55307733	21.79863925	13.87374099	21.6808917	54.48295665	29.96885245	66.38088919	15.39224704	52.90318739	43.32028616	9.174388535	47.28429313	80.75301427	46.26893359	63.76471793	0
32	55.57521337	20.07012506	63.50012693	57.74347722	79.59494251	60.70242475	19.8911245	84.62801265	15.11145529	34.58900833	37.42321937	49.08100523	109.2493644	47.16574496	40.79254521	49.25788807	81.95464244	56.69486549	90.28634919	77.38864749	52.01763178	39.40974439	32.68747687	43.54880354	43.28264125	43.58843243	70.03602034	45.20102305	76.4235531	31.045296	9.486624531	0	93.17632267	27.88360712	13.54341434	23.26490344	16.20545106	52.30810746	24.2132726	66.77518222	20.79284016	43.41715413	36.10459408	0.386264158	41.40000391	71.51250981	42.42210642	56.36174066	0
33	37.7856384	93.86421726	134.8994514	43.97679979	36.2581746	132.3630398	91.73116559	27.76343727	108.1851457	110.8795459	116.5950029	124.428079	30.15799758	47.70667781	91.57195905	47.43248951	83.75659616	70.26126225	65.1541459	15.79236632	131.5928339	98.43651368	77.60064862	123.3837688	84.00813851	64.65996177	127.6867797	48.76347031	26.61540691	101.9918984	83.89503993	93.17632267	0	108.6282965	102.4766341	71.34688435	97.60923179	121.170064	110.3653564	119.1477072	76.42113854	136.0854905	124.7983074	92.91182156	115.2798183	164.6474877	119.8966935	134.856408	0
34	71.53337359	47.05135384	35.62177382	66.83023459	102.3588695	32.8196557	16.9745632	105.8810028	23.1277655	7.18455016	9.73740715	68.83286482	129.3614171	60.99997367	68.32348669	70.99942282	109.7036982	83.98696371	87.42807467	93.42434138	68.79662964	21.15177565	60.29571104	61.85194687	71.16326693	69.83155648	43.65419372	60.36371454	96.9836512	56.3178862	34.55307733	27.88360712	108.6282965	0	15.06449687	47.18025403	13.03251142	74.34749594	43.49654929	91.68846349	33.12845605	34.52836389	48.25191018	28.25412228	13.80613233	65.25133471	62.37285253	29.34930173	0
35	64.70897886	32.01360273	50.38308748	63.65237147	91.8612025	47.62513406	15.42506149	96.32794424	10.4613902	22.15432971	24.2113029	55.37558453	120.5870027	55.11028886	53.33873277	60.91637321	95.40836069	70.23724449	91.02666916	86.82522269	56.38507583	31.26343687	46.2204694	48.77131643	56.48678396	56.9208991	58.4781312	53.73987146	87.80133904	41.36050836	21.79863925	13.54341434	102.4766341	15.06449687	0	35.48424445	7.947846249	60.23672722	29.60879427	76.90950826	26.36133673	33.97245079	37.07820225	13.92920069	28.8656677	64.1062733	48.76017815	42.84908571	0
36	34.76645977	24.44013003	81.67044579	41.94889198	56.45097446	78.81967867	32.47107898	61.36426182	38.22582955	52.57065331	56.85373831	58.22331803	86.02666545	28.93620794	34.41520985	26.03147727	65.56773598	38.72002434	80.86521483	55.61380983	63.87091059	50.17298234	18.94195481	55.14676848	32.1501963	23.24520703	84.00208755	26.13513231	53.2215299	35.38807313	13.87374099	23.26490344	71.34688435	47.18025403	35.48424445	0	34.15078143	57.97538397	39.50472997	65.69378541	18.72872259	66.56984606	53.78128494	22.92817769	59.02249022	93.69332518	52.42539466	76.5285136	0
37	60.05817284	36.21001988	48.17965085	57.39152664	89.59492323	45.34195569	7.627221381	93.39354751	18.35489703	18.92375346	22.73770666	62.39566506	117.181598	49.930907	56.97233368	58.28445166	97.15561967	71.18404757	83.25866313	82.14064166	63.85956282	24.17115283	47.7317897	56.02409091	59.10785005	56.84125687	53.83307044	48.91930054	84.60636915	46.68836575	21.6808917	16.20545106	97.60923179	13.03251142	7.947846249	34.15078143	0	66.75733675	36.5954263	82.47400139	21.24245094	40.32631336	44.91797041	16.53368936	25.6700769	70.93905181	55.72760563	42.38154978	0
38	89.73812383	34.89084295	106.228039	99.77485395	92.96996883	103.8216894	72.01106484	101.3788892	51.24474948	81.48258011	81.63020383	8.6873043	125.1979638	86.39118235	29.72477292	74.53112116	65.38947224	55.26148254	138.4172302	106.7785978	16.45180483	90.91700779	44.24276739	15.46959353	37.71641733	56.51579333	117.8262427	83.34634411	96.64975429	22.88357162	54.48295665	52.30810746	121.170064	74.34749594	60.23672722	57.97538397	66.75733675	0	30.85173525	20.92676098	69.8587851	62.568099	31.74374679	52.13309108	87.68832936	70.9145381	12.82158309	95.69563158	0
39	74.27093044	17.16715731	76.02694071	79.73754915	89.95980863	73.52177462	42.62632112	96.72424135	20.3985536	50.63155393	50.92721695	25.81002921	121.7105252	67.74044609	33.48622996	63.40985643	78.58181535	58.22458159	114.3026063	94.76926933	27.8471372	60.70038393	36.38694956	19.56573587	40.04726218	50.667952	87.00204977	65.22204784	89.75680608	16.87368727	29.96885245	24.2132726	110.3653564	43.49654929	29.60879427	39.50472997	36.5954263	30.85173525	0	49.06300534	44.48735551	37.85985025	14.45378469	24.17261529	56.87195036	57.86021267	19.16315217	66.07183787	0
40	92.51686551	47.06238771	125.0827158	105.3153519	87.01714595	122.5609732	86.59734999	96.04378222	69.06197097	98.8718042	99.74087494	29.52729925	118.0885305	91.63163424	31.58330588	75.53429536	50.6876737	49.19306768	146.1062012	106.1971543	36.444163	106.1835312	48.10729322	36.3495971	36.81172749	56.36431975	135.3301957	88.41316809	93.08876635	35.79188965	66.38088919	66.77518222	119.1477072	91.68846349	76.90950826	65.69378541	82.47400139	20.92676098	49.06300534	0	81.05655495	83.21710772	52.42303811	66.51819331	105.3749762	91.28905438	33.30213053	115.0523654	0
41	38.81687784	35.05238289	65.16905022	37.64014251	69.72703993	62.34487578	16.36200049	72.84154727	33.8430159	37.02755878	42.14172434	68.02167237	96.23645161	28.82748862	51.02316287	38.41382862	84.21356798	57.29926182	69.8425306	60.90923472	71.91284899	31.75716513	37.05064645	63.23743831	50.13656622	41.50036626	65.77271101	27.6881668	63.88809189	47.15320996	15.39224704	20.79284016	76.42113854	33.12845605	26.36133673	18.72872259	21.24245094	69.8587851	44.48735551	81.05655495	0	60.32340445	56.89295651	20.72280874	42.87534492	90.15801081	61.54137653	61.65660892	0
42	98.30782883	52.28435232	50.05533767	97.5399747	122.4074574	48.42620932	47.65699534	127.8611611	28.34683757	38.23451697	34.05560783	54.51152855	152.5940775	88.99147782	71.25661412	92.6013232	116.3488197	94.70586597	121.834468	120.35173	50.33746471	55.30913447	71.23670153	47.17401451	77.35885227	84.5333111	66.70650459	87.48704157	119.7902147	54.72404138	52.90318739	43.41715413	136.0854905	34.52836389	33.97245079	66.56984606	40.32631336	62.568099	37.85985025	83.21710772	60.32340445	0	30.82748165	43.72992743	40.7399279	30.88047547	49.92052183	37.99896216	0
43	88.52761583	31.46408139	76.37123386	93.24383032	104.0415638	74.17338857	51.9544897	110.9803357	26.62201016	54.87505897	53.60204819	23.83710528	135.9446802	81.64067246	44.88109572	77.86049394	89.2461393	71.01653219	126.1558143	109.1815458	21.13280071	67.91163821	50.32983308	16.4114733	52.298214	64.69272308	89.93116404	79.23048008	104.1321176	28.04521082	43.32028616	36.10459408	124.7983074	48.25191018	37.07820225	53.78128494	44.91797041	31.74374679	14.45378469	52.42303811	56.89295651	30.82748165	0	36.1701987	60.23920698	44.74727462	19.12353851	65.20444614	0
44	55.32599083	19.77186891	63.87207246	57.59458796	79.24273893	61.07344177	20.12271339	84.29233752	15.41148925	34.94919251	37.79958502	48.96301292	108.9225821	46.95995931	40.4530531	48.92895561	81.57428773	56.30886301	90.27546073	77.12295767	51.95868836	39.67141985	32.3030541	43.47159912	42.91462448	43.20664812	70.36639443	44.97732723	76.09849558	30.80272332	9.174388535	0.386264158	92.91182156	28.25412228	13.92920069	22.92817769	16.53368936	52.13309108	24.17261529	66.51819331	20.72280874	43.72992743	36.1701987	0	41.76017821	71.76505905	42.30956857	56.74571922	0
45	79.40497408	60.81778454	22.65661272	71.9693152	112.5695434	19.80579132	26.79450574	115.3191058	36.48716252	6.811002643	6.897237128	81.82681498	137.9764451	68.49422056	82.03557153	81.2874722	122.8236993	96.75846736	85.82261903	100.6638729	81.18153103	18.47657514	73.40183445	74.68063076	84.63920043	82.0999491	30.13877597	68.42791434	106.2234969	70.10055526	47.28429313	41.40000391	115.2798183	13.80613233	28.8656677	59.02249022	25.6700769	87.68832936	56.87195036	105.3749762	42.87534492	40.7399279	60.23920698	41.76017821	0	69.69554017	75.48825104	19.57678855	0
46	127.0870364	74.81750931	72.83920837	127.7063598	147.5069887	72.08996841	78.38642527	153.8558576	56.67950964	68.30301326	63.48835641	62.27054882	178.8364244	118.3785525	89.59020668	119.3679269	133.4740639	115.7088999	152.6582522	148.8551796	54.84542617	85.6692374	94.20226377	56.7288855	97.04212781	108.3889046	91.53509264	116.602772	146.3755885	72.7923357	80.75301427	71.51250981	164.6474877	65.25133471	64.1062733	93.69332518	70.93905181	70.9145381	57.86021267	91.28905438	90.15801081	30.88047547	44.74727462	71.76505905	69.69554017	0	60.74243661	61.07268006	0
47	86.1404679	28.03476658	93.57946008	94.2596268	94.64435797	91.2078416	61.5549113	102.4863902	39.26021523	69.44106097	69.28111016	6.690288858	127.0062213	81.35694577	31.51335647	72.51877838	73.06037572	58.52225944	131.1388316	104.865179	11.7133374	79.85596043	42.3736683	4.21029512	39.71916471	56.15548936	105.6100506	78.50246163	96.77474324	17.91904308	46.26893359	42.42210642	119.8966935	62.37285253	48.76017815	52.42539466	55.72760563	12.82158309	19.16315217	33.30213053	61.54137653	49.92052183	19.12353851	42.30956857	75.48825104	60.74243661	0	82.93935414	0
48	98.87024918	74.02843542	12.16015238	91.4856826	131.3290872	11.03023916	45.31137469	134.4292127	47.07873164	24.64725829	19.70819144	88.64922718	157.3534883	87.99466632	95.39949776	99.96470968	138.2447004	112.9822804	102.5978115	120.2196375	86.16447761	37.31701833	89.04770143	81.19752028	99.16474474	99.11432058	30.47058229	87.83928304	125.3947792	81.44835263	63.76471793	56.36174066	134.856408	29.34930173	42.84908571	76.5285136	42.38154978	95.69563158	66.07183787	115.0523654	61.65660892	37.99896216	65.20444614	56.74571922	19.57678855	61.07268006	82.93935414	0	0
49	0	0	0	0	0	0	0	0	0	0	0	0	0	0	0	0	0	0	0	0	0	0	0	0	0	0	0	0	0	0	0	0	0	0	0	0	0	0	0	0	0	0	0	0	0	0	0	0	0;

param d:=
1	12
2	8
3	16
4	5
5	12
6	5
7	13
8	20
9	13
10	18
11	7
12	6
13	9
14	9
15	4
16	25
17	5
18	17
19	3
20	16
21	25
22	21
23	14
24	19
25	14
26	6
27	16
28	9
29	20
30	13
31	10
32	16
33	19
34	22
35	14
36	10
37	11
38	15
39	13
40	15
41	8
42	22
43	24
44	3
45	25
46	19
47	21
48	10
49	0;