param n=50;
param m=4;
param K = 8;
param Q = 60;
param L =28;
param HC:= 
1 190.673
2 198.626
3 200.091
4 200.062;

param o:
	1	2	3	4	5	6	7	8	9	10	11	12	13	14	15	16	17	18	19	20	21	22	23	24	25	26	27	28	29	30	31	32	33	34	35	36	37	38	39	40	41	42	43	44	45	46	47	48	49	50:=
1	120.4159458	50	92.19544457	156.5247584	156.5247584	78.10249676	143.1782106	92.19544457	120.8304597	131.5294644	82.46211251	58.30951895	50	158.113883	150	264.0075756	178.8854382	167.6305461	53.85164807	120.4159458	120.4159458	189.7366596	210.2379604	196.468827	169.7056275	256.1249695	64.03124237	254.5584412	92.19544457	210.2379604	160	78.10249676	120.8304597	186.8154169	155.241747	158.113883	193.1320792	191.0497317	174.642492	78.10249676	94.33981132	85.44003745	100.4987562	208.8061302	121.6552506	200	215.8703314	102.9563014	110.4536102	94.33981132
2	40	120	212.1320344	28.28427125	102.9563014	60	196.977156	145.6021978	92.19544457	31.6227766	104.4030651	90	86.02325267	197.2308292	76.15773106	164.924225	117.0469991	40	100	212.1320344	130.3840481	222.0360331	252.3885893	70	70	155.241747	160	143.1782106	190.2629759	206.1552813	64.03124237	180	230	147.6482306	128.0624847	122.0655562	63.2455532	172.0465053	219.544984	170.2938637	76.15773106	152.9705854	223.6067977	234.3074903	156.5247584	110	90	80.62257748	143.1782106	40
3	222.0360331	108.1665383	123.6931688	211.896201	130	150	10	64.03124237	114.0175425	224.7220505	100	127.2792206	178.0449381	14.14213562	151.3274595	230.8679276	141.4213562	237.6972865	120.4159458	67.08203932	72.80109889	40	58.30951895	265.7066051	181.1077028	228.035085	92.19544457	243.3105012	80.62257748	86.02325267	260.7680962	90	102.9563014	117.0469991	100.4987562	110.4536102	250	94.33981132	22.36067977	80.62257748	125.2996409	67.08203932	136.0147051	60	44.72135955	181.1077028	284.6049894	120.8304597	58.30951895	166.4331698
4	70	64.03124237	140.3566885	108.1665383	131.5294644	41.23105626	162.788206	106.3014581	100	80.62257748	76.15773106	44.72135955	10	172.0465053	117.0469991	228.2542442	152.9705854	117.0469991	50	156.5247584	117.0469991	202.4845673	228.035085	145.6021978	130.3840481	219.544984	98.48857802	214.0093456	130	208.8061302	110.4536102	117.0469991	164.924225	170	140.3566885	140	143.1782106	182.4828759	192.0937271	111.8033989	70	106.3014581	150	219.544984	130.3840481	165.5294536	164.924225	80	116.6190379	50;

param cost:
	1	2	3	4	5	6	7	8	9	10	11	12	13	14	15	16	17	18	19	20	21	22	23	24	25	26	27	28	29	30	31	32	33	34	35	36	37	38	39	40	41	42	43	44	45	46	47	48	49	50:=
1	0	126.4911064	210.2379604	63.2455532	139.2838828	72.11102551	216.3330765	161.245155	122.0655562	14.14213562	122.0655562	98.48857802	70.71067812	220.2271555	114.0175425	203.9607805	155.241747	56.56854249	107.7032961	221.3594362	155.5634919	247.5883681	276.5863337	80.62257748	110	194.1648784	164.924225	180.2775638	196.468827	238.5372088	41.23105626	184.3908891	233.4523506	183.8477631	161.245155	156.5247584	84.85281374	205.9126028	242.0743687	177.2004515	98.99494937	165.5294536	220	261.7250466	178.0449381	150	98.48857802	106.3014581	164.0121947	56.56854249
2	126.4911064	0	94.86832981	141.4213562	114.0175425	60	100	44.72135955	78.10249676	133.4166406	36.05551275	30	70.71067812	111.8033989	114.0175425	226.27417	136.0147051	160	20	94.86832981	70.71067812	143.1782106	166.4331698	190	138.9244399	219.317122	40	222.0360331	70.71067812	160.3121954	167.6305461	60	110	139.2838828	107.7032961	111.8033989	181.1077028	141.4213562	130.3840481	50.99019514	58.30951895	42.42640687	107.7032961	161.5549442	72.80109889	162.788206	210	64.03124237	60.8276253	80
3	210.2379604	94.86832981	0	235.3720459	200	152.9705854	114.0175425	98.99494937	166.4331698	220	125.2996409	123.6931688	141.4213562	136.0147051	205.9126028	314.0063694	220.2271555	251.7935662	114.0175425	60	141.4213562	162.788206	170	281.6025568	232.594067	308.058436	58.30951895	313.8470965	44.72135955	206.1552813	250.7987241	42.42640687	36.05551275	212.6029163	183.8477631	191.0497317	274.5906044	202.4845673	141.4213562	56.56854249	152.3154621	84.85281374	14.14213562	182.4828759	122.0655562	252.3885893	301.4962686	156.5247584	120.4159458	172.626765
4	63.2455532	141.4213562	235.3720459	0	98.99494937	82.46211251	208.8061302	161.245155	98.48857802	50.99019514	120.4159458	111.8033989	114.0175425	206.1552813	70.71067812	141.4213562	108.1665383	28.28427125	121.6552506	230.2172887	139.2838828	228.2542442	259.4224354	53.85164807	53.85164807	131.5294644	181.1077028	117.0469991	210.2379604	205.1828453	72.80109889	200.9975124	250.7987241	142.126704	128.0624847	120.4159458	40	169.7056275	228.4731932	190.2629759	90.55385138	170.2938637	247.3863375	238.5372088	167.6305461	92.19544457	72.80109889	92.19544457	155.241747	63.2455532
5	139.2838828	114.0175425	200	98.99494937	0	90.55385138	130.3840481	102.9563014	36.05551275	134.1640786	78.10249676	98.48857802	141.4213562	120.4159458	28.28427125	114.0175425	22.36067977	127.2792206	102.9563014	170.8800749	63.2455532	136.0147051	167.6305461	150	53.85164807	108.1665383	142.126704	117.0469991	161.245155	106.3014581	166.4331698	158.113883	201.246118	44.72135955	31.6227766	22.36067977	130.3840481	70.71067812	141.4213562	144.222051	63.2455532	116.6190379	214.0093456	143.1782106	92.19544457	53.85164807	166.4331698	53.85164807	85.44003745	90.55385138
6	72.11102551	60	152.9705854	82.46211251	90.55385138	0	144.222051	89.4427191	60.8276253	76.15773106	50	30	50.99019514	148.6606875	76.15773106	188.6796226	111.8033989	100	40	152.9705854	86.02325267	176.9180601	205.1828453	130	92.19544457	180.2775638	100	176.9180601	130.3840481	174.642492	111.8033989	120	170	130.3840481	101.9803903	100.4987562	121.6552506	145.6021978	170.2938637	110.4536102	31.6227766	94.86832981	164.924225	192.0937271	106.3014581	125.2996409	150	41.23105626	92.19544457	20
7	216.3330765	100	114.0175425	208.8061302	130.3840481	144.222051	0	56.56854249	111.8033989	219.544984	94.33981132	120.4159458	170.2938637	22.36067977	150.3329638	234.0939982	143.1782106	234.0939982	113.137085	58.30951895	70.71067812	50	67.08203932	262.488095	180.2775638	230.8679276	82.46211251	245.1530134	70.71067812	94.33981132	255.5386468	80	94.33981132	120.8304597	101.9803903	111.8033989	247.3863375	100	31.6227766	70.71067812	120.8304597	58.30951895	126.4911064	70	41.23105626	182.4828759	281.6025568	117.0469991	53.85164807	161.245155
8	161.245155	44.72135955	98.99494937	161.245155	102.9563014	89.4427191	56.56854249	0	72.80109889	165.5294536	41.23105626	64.03124237	114.0175425	67.08203932	114.0175425	216.3330765	122.0655562	184.3908891	56.56854249	70.71067812	42.42640687	98.48857802	122.0655562	213.7755833	143.1782106	210.9502311	44.72135955	219.317122	58.30951895	120.4159458	201.246118	56.56854249	98.48857802	114.0175425	84.85281374	92.19544457	200.9975124	107.7032961	86.02325267	42.42640687	70.71067812	14.14213562	113.137085	117.0469991	30	156.5247584	233.4523506	70	22.36067977	107.7032961
9	122.0655562	78.10249676	166.4331698	98.48857802	36.05551275	60.8276253	111.8033989	72.80109889	0	120.4159458	42.42640687	63.2455532	110	107.7032961	41.23105626	148.6606875	58.30951895	125.2996409	67.08203932	143.1782106	41.23105626	130.3840481	161.245155	152.3154621	70.71067812	142.126704	108.1665383	147.6482306	130	116.6190379	155.5634919	125.2996409	170.8800749	70	41.23105626	40	136.0147051	85.44003745	130	111.8033989	30	85.44003745	180.2775638	142.126704	70.71067812	86.02325267	170.8800749	20	60	67.08203932
10	14.14213562	133.4166406	220	50.99019514	134.1640786	76.15773106	219.544984	165.5294536	120.4159458	0	125.2996409	104.4030651	82.46211251	222.0360331	107.7032961	192.3538406	148.6606875	42.42640687	114.0175425	228.035085	156.2049935	248.394847	278.0287755	67.08203932	100.4987562	182.4828759	172.626765	167.6305461	203.9607805	236.0084744	36.05551275	192.3538406	241.8677324	178.8854382	158.113883	152.6433752	70.71067812	202.4845673	244.1311123	184.3908891	100	170.8800749	230.2172887	261.7250466	180.2775638	140.3566885	85.44003745	106.3014581	166.4331698	58.30951895
11	122.0655562	36.05551275	125.2996409	120.4159458	78.10249676	50	94.33981132	41.23105626	42.42640687	125.2996409	0	31.6227766	85.44003745	98.99494937	80.62257748	191.0497317	100	143.1782106	30	110	41.23105626	128.0624847	155.5634919	172.626765	107.7032961	184.3908891	67.08203932	188.6796226	92.19544457	133.4166406	161.245155	85.44003745	133.4166406	104.4030651	72.80109889	76.15773106	160.3121954	110	120.4159458	72.80109889	30	50	138.9244399	144.222051	56.56854249	128.0624847	192.3538406	31.6227766	42.42640687	67.08203932
12	98.48857802	30	123.6931688	111.8033989	98.48857802	30	120.4159458	64.03124237	63.2455532	104.4030651	31.6227766	0	53.85164807	128.0624847	92.19544457	206.1552813	120.8304597	130	10	123.6931688	72.80109889	158.113883	184.3908891	160	114.0175425	198.4943324	70	198.4943324	100.4987562	164.924225	139.2838828	90	140	131.5294644	100.4987562	101.9803903	151.3274595	140.3566885	148.6606875	80.62257748	36.05551275	67.08203932	136.0147051	174.9285568	86.02325267	142.126704	180	44.72135955	72.11102551	50
13	70.71067812	70.71067812	141.4213562	114.0175425	141.4213562	50.99019514	170.2938637	114.0175425	110	82.46211251	85.44003745	53.85164807	0	180.2775638	126.4911064	237.0653918	162.788206	120.8304597	58.30951895	161.245155	126.4911064	210.9502311	236.0084744	148.6606875	138.9244399	228.2542442	102.9563014	222.0360331	134.1640786	218.4032967	110	120.8304597	167.6305461	180	150.3329638	150	147.6482306	192.3538406	200	116.6190379	80	113.137085	150.3329638	228.2542442	138.9244399	174.642492	167.6305461	90	125.2996409	58.30951895
14	220.2271555	111.8033989	136.0147051	206.1552813	120.4159458	148.6606875	22.36067977	67.08203932	107.7032961	222.0360331	98.99494937	128.0624847	180.2775638	0	143.1782106	218.4032967	130.3840481	232.594067	122.0655562	80.62257748	67.08203932	31.6227766	56.56854249	260	172.626765	215.8703314	100.4987562	231.9482701	92.19544457	72.11102551	258.069758	100.4987562	116.6190379	104.4030651	90	100	243.5159132	80.62257748	22.36067977	90	122.0655562	72.80109889	148.6606875	50.99019514	42.42640687	170.2938637	278.5677655	116.6190379	56.56854249	164.0121947
15	114.0175425	114.0175425	205.9126028	70.71067812	28.28427125	76.15773106	150.3329638	114.0175425	41.23105626	107.7032961	80.62257748	92.19544457	126.4911064	143.1782106	0	114.0175425	41.23105626	98.99494937	98.99494937	184.3908891	80	161.5549442	193.1320792	122.0655562	30	106.3014581	147.6482306	108.1665383	170.8800749	134.5362405	138.9244399	165.5294536	211.896201	72.11102551	58.30951895	50	102.9563014	98.99494937	164.924225	152.3154621	56.56854249	126.4911064	219.544984	170	110	50	138.9244399	50	100.4987562	70.71067812
16	203.9607805	226.27417	314.0063694	141.4213562	114.0175425	188.6796226	234.0939982	216.3330765	148.6606875	192.3538406	191.0497317	206.1552813	237.0653918	218.4032967	114.0175425	0	94.33981132	160	212.6029163	281.7800561	174.9285568	222.0360331	250.7987241	162.788206	98.48857802	10	256.1249695	36.05551275	274.5906044	170	210	272.0294102	313.8470965	114.0175425	134.1640786	125.2996409	141.4213562	141.4213562	235.3720459	258.069758	170.2938637	230.2172887	328.0243893	220.2271555	201.246118	64.03124237	167.6305461	162.788206	197.2308292	178.8854382
17	155.241747	136.0147051	220.2271555	108.1665383	22.36067977	111.8033989	143.1782106	122.0655562	58.30951895	148.6606875	100	120.8304597	162.788206	130.3840481	41.23105626	94.33981132	0	136.0147051	125.2996409	187.8829423	80.62257748	141.4213562	172.626765	155.5634919	56.56854249	89.4427191	162.788206	101.9803903	180.2775638	102.9563014	178.8854382	178.0449381	219.544984	36.05551275	41.23105626	31.6227766	134.5362405	67.08203932	150	164.0121947	85.44003745	136.0147051	234.3074903	145.6021978	107.7032961	40	170.2938637	76.15773106	102.9563014	110
18	56.56854249	160	251.7935662	28.28427125	127.2792206	100	234.0939982	184.3908891	125.2996409	42.42640687	143.1782106	130	120.8304597	232.594067	98.99494937	160	136.0147051	0	140	251.7935662	165.5294536	255.5386468	286.5309756	30	80.62257748	150	200	131.5294644	230.2172887	233.4523506	50	220	270	170.2938637	156.2049935	148.6606875	28.28427125	197.9898987	254.9509757	210.2379604	114.0175425	192.3538406	263.0589288	266.2705391	193.1320792	117.0469991	50	117.0469991	180.2775638	80
19	107.7032961	20	114.0175425	121.6552506	102.9563014	40	113.137085	56.56854249	67.08203932	114.0175425	30	10	58.30951895	122.0655562	98.99494937	212.6029163	125.2996409	140	0	114.0175425	70.71067812	152.6433752	178.0449381	170	122.0655562	205.1828453	60	206.1552813	90.55385138	162.788206	148.6606875	80	130	133.4166406	101.9803903	104.4030651	161.245155	140	142.126704	70.71067812	42.42640687	58.30951895	126.4911064	170	80.62257748	148.6606875	190	50	67.08203932	60
20	221.3594362	94.86832981	60	230.2172887	170.8800749	152.9705854	58.30951895	70.71067812	143.1782106	228.035085	110	123.6931688	161.245155	80.62257748	184.3908891	281.7800561	187.8829423	251.7935662	114.0175425	0	107.7032961	104.4030651	110	281.6025568	213.7755833	277.3084925	58.30951895	287.923601	28.28427125	152.6433752	262.488095	42.42640687	36.05551275	172.0465053	147.6482306	156.5247584	270.1851217	155.5634919	82.46211251	44.72135955	140	60	70.71067812	123.6931688	80.62257748	224.7220505	301.4962686	140.3566885	85.44003745	172.626765
21	155.5634919	70.71067812	141.4213562	139.2838828	63.2455532	86.02325267	70.71067812	42.42640687	41.23105626	156.2049935	41.23105626	72.80109889	126.4911064	67.08203932	80	174.9285568	80.62257748	165.5294536	70.71067812	107.7032961	0	92.19544457	122.0655562	193.1320792	110	170	86.02325267	180.2775638	100	92.19544457	192.0937271	98.99494937	138.9244399	72.11102551	42.42640687	50	177.2004515	70.71067812	89.4427191	84.85281374	56.56854249	56.56854249	155.5634919	106.3014581	30	117.0469991	211.896201	50	22.36067977	98.99494937
22	247.5883681	143.1782106	162.788206	228.2542442	136.0147051	176.9180601	50	98.48857802	130.3840481	248.394847	128.0624847	158.113883	210.9502311	31.6227766	161.5549442	222.0360331	141.4213562	255.5386468	152.6433752	104.4030651	92.19544457	0	31.6227766	281.7800561	189.7366596	220.9072203	131.5294644	240	120.4159458	58.30951895	284.2534081	130	139.2838828	110	104.4030651	114.0175425	264.0075756	80.62257748	22.36067977	120.4159458	148.6606875	104.4030651	174.642492	20	72.11102551	181.1077028	299.6664813	142.126704	86.02325267	191.0497317
23	276.5863337	166.4331698	170	259.4224354	167.6305461	205.1828453	67.08203932	122.0655562	161.245155	278.0287755	155.5634919	184.3908891	236.0084744	56.56854249	193.1320792	250.7987241	172.626765	286.5309756	178.0449381	110	122.0655562	31.6227766	0	313.0495168	221.3594362	250.1999201	148.6606875	270.1851217	131.5294644	82.46211251	314.0063694	143.1782106	141.4213562	140.3566885	136.0147051	145.6021978	295.4657341	110	36.05551275	136.0147051	178.0449381	125.2996409	180.2775638	31.6227766	98.99494937	212.1320344	331.0589071	172.0465053	113.137085	220.2271555
24	80.62257748	190	281.6025568	53.85164807	150	130	262.488095	213.7755833	152.3154621	67.08203932	172.626765	160	148.6606875	260	122.0655562	162.788206	155.5634919	30	170	281.6025568	193.1320792	281.7800561	313.0495168	0	98.99494937	152.9705854	230	130.3840481	260.1922366	256.1249695	58.30951895	250	300	191.0497317	180.2775638	172.0465053	22.36067977	220.2271555	282.3118843	240.208243	143.1782106	222.0360331	292.7456234	291.5475947	221.3594362	130.3840481	20	145.6021978	208.8061302	110
25	110	138.9244399	232.594067	53.85164807	53.85164807	92.19544457	180.2775638	143.1782106	70.71067812	100.4987562	107.7032961	114.0175425	138.9244399	172.626765	30	98.48857802	56.56854249	80.62257748	122.0655562	213.7755833	110	189.7366596	221.3594362	98.99494937	0	89.4427191	174.642492	84.85281374	199.2485885	158.113883	126.4911064	193.1320792	240.4163056	92.19544457	85.44003745	76.15773106	78.10249676	122.0655562	194.1648784	180.2775638	80.62257748	155.241747	245.9674775	196.977156	140	40	114.0175425	76.15773106	130.3840481	80.62257748
26	194.1648784	219.317122	308.058436	131.5294644	108.1665383	180.2775638	230.8679276	210.9502311	142.126704	182.4828759	184.3908891	198.4943324	228.2542442	215.8703314	106.3014581	10	89.4427191	150	205.1828453	277.3084925	170	220.9072203	250.1999201	152.9705854	89.4427191	0	250	28.28427125	269.2582404	170.2938637	200	266.2705391	308.8689042	111.8033989	130	120.8304597	131.5294644	140.3566885	233.4523506	252.3885893	162.788206	224.7220505	322.0248438	220	196.977156	56.56854249	158.113883	155.5634919	192.3538406	170
27	164.924225	40	58.30951895	181.1077028	142.126704	100	82.46211251	44.72135955	108.1665383	172.626765	67.08203932	70	102.9563014	100.4987562	147.6482306	256.1249695	162.788206	200	60	58.30951895	86.02325267	131.5294644	148.6606875	230	174.642492	250	0	255.5386468	31.6227766	162.788206	206.1552813	20	70	158.113883	128.0624847	134.5362405	220.9072203	152.3154621	114.0175425	14.14213562	94.86832981	31.6227766	72.11102551	151.3274595	72.80109889	194.1648784	250	98.48857802	67.08203932	120
28	180.2775638	222.0360331	313.8470965	117.0469991	117.0469991	176.9180601	245.1530134	219.317122	147.6482306	167.6305461	188.6796226	198.4943324	222.0360331	231.9482701	108.1665383	36.05551275	101.9803903	131.5294644	206.1552813	287.923601	180.2775638	240	270.1851217	130.3840481	84.85281374	28.28427125	255.5386468	0	277.3084925	192.3538406	181.1077028	272.9468813	317.8049716	130	143.1782106	133.4166406	110	160.3121954	250.7987241	259.4224354	164.0121947	232.594067	327.5667871	240.8318916	208.8061302	63.2455532	133.4166406	158.113883	202.4845673	164.0121947
29	196.468827	70.71067812	44.72135955	210.2379604	161.245155	130.3840481	70.71067812	58.30951895	130	203.9607805	92.19544457	100.4987562	134.1640786	92.19544457	170.8800749	274.5906044	180.2775638	230.2172887	90.55385138	28.28427125	100	120.4159458	131.5294644	260.1922366	199.2485885	269.2582404	31.6227766	277.3084925	0	161.5549442	237.6972865	14.14213562	41.23105626	169.7056275	142.126704	150	250.1999201	158.113883	100	20	121.6552506	44.72135955	58.30951895	140.3566885	78.10249676	214.7091055	280.1785145	123.6931688	78.10249676	150.3329638
30	238.5372088	160.3121954	206.1552813	205.1828453	106.3014581	174.642492	94.33981132	120.4159458	116.6190379	236.0084744	133.4166406	164.924225	218.4032967	72.11102551	134.5362405	170	102.9563014	233.4523506	162.788206	152.6433752	92.19544457	58.30951895	82.46211251	256.1249695	158.113883	170.2938637	162.788206	192.3538406	161.5549442	0	270.1851217	167.6305461	188.6796226	67.08203932	78.10249676	84.85281374	236.0084744	36.05551275	78.10249676	155.241747	143.1782106	131.5294644	219.317122	50.99019514	90.55385138	139.2838828	272.0294102	134.1640786	100	183.5755975
31	41.23105626	167.6305461	250.7987241	72.80109889	166.4331698	111.8033989	255.5386468	201.246118	155.5634919	36.05551275	161.245155	139.2838828	110	258.069758	138.9244399	210	178.8854382	50	148.6606875	262.488095	192.0937271	284.2534081	314.0063694	58.30951895	126.4911064	200	206.1552813	181.1077028	237.6972865	270.1851217	0	225.6102835	274.5906044	210.9502311	192.0937271	186.0107524	72.80109889	236.0084744	280.1785145	218.4032967	136.0147051	206.1552813	260.1922366	297.3213749	216.3330765	164.924225	70.71067812	142.126704	202.4845673	94.33981132
32	184.3908891	60	42.42640687	200.9975124	158.113883	120	80	56.56854249	125.2996409	192.3538406	85.44003745	90	120.8304597	100.4987562	165.5294536	272.0294102	178.0449381	220	80	42.42640687	98.99494937	130	143.1782106	250	193.1320792	266.2705391	20	272.9468813	14.14213562	167.6305461	225.6102835	0	50	170.2938637	141.4213562	148.6606875	240.8318916	161.245155	110.4536102	14.14213562	114.0175425	42.42640687	56.56854249	150	80.62257748	210.9502311	270	117.0469991	78.10249676	140
33	233.4523506	110	36.05551275	250.7987241	201.246118	170	94.33981132	98.48857802	170.8800749	241.8677324	133.4166406	140	167.6305461	116.6190379	211.896201	313.8470965	219.544984	270	130	36.05551275	138.9244399	139.2838828	141.4213562	300	240.4163056	308.8689042	70	317.8049716	41.23105626	188.6796226	274.5906044	50	0	206.1552813	180.2775638	188.6796226	290.6888371	191.0497317	117.0469991	60.8276253	162.788206	85.44003745	41.23105626	158.113883	114.0175425	254.9509757	320	164.924225	116.6190379	190
34	183.8477631	139.2838828	212.6029163	142.126704	44.72135955	130.3840481	120.8304597	114.0175425	70	178.8854382	104.4030651	131.5294644	180	104.4030651	72.11102551	114.0175425	36.05551275	170.2938637	133.4166406	172.0465053	72.11102551	110	140.3566885	191.0497317	92.19544457	111.8033989	158.113883	130	169.7056275	67.08203932	210.9502311	170.2938637	206.1552813	0	31.6227766	30	170.2938637	31.6227766	121.6552506	156.2049935	100	128.0624847	226.715681	111.8033989	92.19544457	72.80109889	206.1552813	90	92.19544457	133.4166406
35	161.245155	107.7032961	183.8477631	128.0624847	31.6227766	101.9803903	101.9803903	84.85281374	41.23105626	158.113883	72.80109889	100.4987562	150.3329638	90	58.30951895	134.1640786	41.23105626	156.2049935	101.9803903	147.6482306	42.42640687	104.4030651	136.0147051	180.2775638	85.44003745	130	128.0624847	143.1782106	142.126704	78.10249676	192.0937271	141.4213562	180.2775638	31.6227766	0	10	161.245155	44.72135955	110.4536102	127.2792206	70.71067812	98.99494937	197.9898987	111.8033989	67.08203932	80.62257748	197.2308292	60.8276253	64.03124237	107.7032961
36	156.5247584	111.8033989	191.0497317	120.4159458	22.36067977	100.4987562	111.8033989	92.19544457	40	152.6433752	76.15773106	101.9803903	150	100	50	125.2996409	31.6227766	148.6606875	104.4030651	156.5247584	50	114.0175425	145.6021978	172.0465053	76.15773106	120.8304597	134.5362405	133.4166406	150	84.85281374	186.0107524	148.6606875	188.6796226	30	10	0	152.6433752	50	120.4159458	134.5362405	70	106.3014581	205.1828453	120.8304597	76.15773106	70.71067812	188.6796226	60	72.11102551	104.4030651
37	84.85281374	181.1077028	274.5906044	40	130.3840481	121.6552506	247.3863375	200.9975124	136.0147051	70.71067812	160.3121954	151.3274595	147.6482306	243.5159132	102.9563014	141.4213562	134.5362405	28.28427125	161.245155	270.1851217	177.2004515	264.0075756	295.4657341	22.36067977	78.10249676	131.5294644	220.9072203	110	250.1999201	236.0084744	72.80109889	240.8318916	290.6888371	170.2938637	161.245155	152.6433752	0	200	265.7066051	230.2172887	130.3840481	210.2379604	286.3564213	272.9468813	206.1552813	108.1665383	36.05551275	131.5294644	194.1648784	101.9803903
38	205.9126028	141.4213562	202.4845673	169.7056275	70.71067812	145.6021978	100	107.7032961	85.44003745	202.4845673	110	140.3566885	192.3538406	80.62257748	98.99494937	141.4213562	67.08203932	197.9898987	140	155.5634919	70.71067812	80.62257748	110	220.2271555	122.0655562	140.3566885	152.3154621	160.3121954	158.113883	36.05551275	236.0084744	161.245155	191.0497317	31.6227766	44.72135955	50	200	0	94.86832981	147.6482306	114.0175425	120.8304597	216.3330765	80.62257748	80.62257748	104.4030651	236.0084744	104.4030651	85.44003745	152.3154621
39	242.0743687	130.3840481	141.4213562	228.4731932	141.4213562	170.2938637	31.6227766	86.02325267	130	244.1311123	120.4159458	148.6606875	200	22.36067977	164.924225	235.3720459	150	254.9509757	142.126704	82.46211251	89.4427191	22.36067977	36.05551275	282.3118843	194.1648784	233.4523506	114.0175425	250.7987241	100	78.10249676	280.1785145	110.4536102	117.0469991	121.6552506	110.4536102	120.4159458	265.7066051	94.86832981	0	101.9803903	144.222051	89.4427191	152.9705854	41.23105626	64.03124237	190	300.8321791	138.9244399	78.10249676	186.0107524
40	177.2004515	50.99019514	56.56854249	190.2629759	144.222051	110.4536102	70.71067812	42.42640687	111.8033989	184.3908891	72.80109889	80.62257748	116.6190379	90	152.3154621	258.069758	164.0121947	210.2379604	70.71067812	44.72135955	84.85281374	120.4159458	136.0147051	240.208243	180.2775638	252.3885893	14.14213562	259.4224354	20	155.241747	218.4032967	14.14213562	60.8276253	156.2049935	127.2792206	134.5362405	230.2172887	147.6482306	101.9803903	0	101.9803903	28.28427125	70.71067812	140.3566885	67.08203932	197.2308292	260.1922366	104.4030651	64.03124237	130.3840481
41	98.99494937	58.30951895	152.3154621	90.55385138	63.2455532	31.6227766	120.8304597	70.71067812	30	100	30	36.05551275	80	122.0655562	56.56854249	170.2938637	85.44003745	114.0175425	42.42640687	140	56.56854249	148.6606875	178.0449381	143.1782106	80.62257748	162.788206	94.86832981	164.0121947	121.6552506	143.1782106	136.0147051	114.0175425	162.788206	100	70.71067812	70	130.3840481	114.0175425	144.222051	101.9803903	0	80	165.5294536	162.788206	80.62257748	106.3014581	162.788206	10	67.08203932	42.42640687
42	165.5294536	42.42640687	84.85281374	170.2938637	116.6190379	94.86832981	58.30951895	14.14213562	85.44003745	170.8800749	50	67.08203932	113.137085	72.80109889	126.4911064	230.2172887	136.0147051	192.3538406	58.30951895	60	56.56854249	104.4030651	125.2996409	222.0360331	155.241747	224.7220505	31.6227766	232.594067	44.72135955	131.5294644	206.1552813	42.42640687	85.44003745	128.0624847	98.99494937	106.3014581	210.2379604	120.8304597	89.4427191	28.28427125	80	0	98.99494937	123.6931688	41.23105626	170	241.8677324	80.62257748	36.05551275	114.0175425
43	220	107.7032961	14.14213562	247.3863375	214.0093456	164.924225	126.4911064	113.137085	180.2775638	230.2172887	138.9244399	136.0147051	150.3329638	148.6606875	219.544984	328.0243893	234.3074903	263.0589288	126.4911064	70.71067812	155.5634919	174.642492	180.2775638	292.7456234	245.9674775	322.0248438	72.11102551	327.5667871	58.30951895	219.317122	260.1922366	56.56854249	41.23105626	226.715681	197.9898987	205.1828453	286.3564213	216.3330765	152.9705854	70.71067812	165.5294536	98.99494937	0	194.1648784	136.0147051	266.2705391	312.5699922	170	134.5362405	184.3908891
44	261.7250466	161.5549442	182.4828759	238.5372088	143.1782106	192.0937271	70	117.0469991	142.126704	261.7250466	144.222051	174.9285568	228.2542442	50.99019514	170	220.2271555	145.6021978	266.2705391	170	123.6931688	106.3014581	20	31.6227766	291.5475947	196.977156	220	151.3274595	240.8318916	140.3566885	50.99019514	297.3213749	150	158.113883	111.8033989	111.8033989	120.8304597	272.9468813	80.62257748	41.23105626	140.3566885	162.788206	123.6931688	194.1648784	0	89.4427191	184.3908891	308.8689042	155.5634919	102.9563014	205.1828453
45	178.0449381	72.80109889	122.0655562	167.6305461	92.19544457	106.3014581	41.23105626	30	70.71067812	180.2775638	56.56854249	86.02325267	138.9244399	42.42640687	110	201.246118	107.7032961	193.1320792	80.62257748	80.62257748	30	72.11102551	98.99494937	221.3594362	140	196.977156	72.80109889	208.8061302	78.10249676	90.55385138	216.3330765	80.62257748	114.0175425	92.19544457	67.08203932	76.15773106	206.1552813	80.62257748	64.03124237	67.08203932	80.62257748	41.23105626	136.0147051	89.4427191	0	145.6021978	240.4163056	76.15773106	14.14213562	122.0655562
46	150	162.788206	252.3885893	92.19544457	53.85164807	125.2996409	182.4828759	156.5247584	86.02325267	140.3566885	128.0624847	142.126704	174.642492	170.2938637	50	64.03124237	40	117.0469991	148.6606875	224.7220505	117.0469991	181.1077028	212.1320344	130.3840481	40	56.56854249	194.1648784	63.2455532	214.7091055	139.2838828	164.924225	210.9502311	254.9509757	72.80109889	80.62257748	70.71067812	108.1665383	104.4030651	190	197.2308292	106.3014581	170	266.2705391	184.3908891	145.6021978	0	142.126704	98.99494937	139.2838828	117.0469991
47	98.48857802	210	301.4962686	72.80109889	166.4331698	150	281.6025568	233.4523506	170.8800749	85.44003745	192.3538406	180	167.6305461	278.5677655	138.9244399	167.6305461	170.2938637	50	190	301.4962686	211.896201	299.6664813	331.0589071	20	114.0175425	158.113883	250	133.4166406	280.1785145	272.0294102	70.71067812	270	320	206.1552813	197.2308292	188.6796226	36.05551275	236.0084744	300.8321791	260.1922366	162.788206	241.8677324	312.5699922	308.8689042	240.4163056	142.126704	0	164.924225	228.035085	130
48	106.3014581	64.03124237	156.5247584	92.19544457	53.85164807	41.23105626	117.0469991	70	20	106.3014581	31.6227766	44.72135955	90	116.6190379	50	162.788206	76.15773106	117.0469991	50	140.3566885	50	142.126704	172.0465053	145.6021978	76.15773106	155.5634919	98.48857802	158.113883	123.6931688	134.1640786	142.126704	117.0469991	164.924225	90	60.8276253	60	131.5294644	104.4030651	138.9244399	104.4030651	10	80.62257748	170	155.5634919	76.15773106	98.99494937	164.924225	0	63.2455532	50
49	164.0121947	60.8276253	120.4159458	155.241747	85.44003745	92.19544457	53.85164807	22.36067977	60	166.4331698	42.42640687	72.11102551	125.2996409	56.56854249	100.4987562	197.2308292	102.9563014	180.2775638	67.08203932	85.44003745	22.36067977	86.02325267	113.137085	208.8061302	130.3840481	192.3538406	67.08203932	202.4845673	78.10249676	100	202.4845673	78.10249676	116.6190379	92.19544457	64.03124237	72.11102551	194.1648784	85.44003745	78.10249676	64.03124237	67.08203932	36.05551275	134.5362405	102.9563014	14.14213562	139.2838828	228.035085	63.2455532	0	108.1665383
50	56.56854249	80	172.626765	63.2455532	90.55385138	20	161.245155	107.7032961	67.08203932	58.30951895	67.08203932	50	58.30951895	164.0121947	70.71067812	178.8854382	110	80	60	172.626765	98.99494937	191.0497317	220.2271555	110	80.62257748	170	120	164.0121947	150.3329638	183.5755975	94.33981132	140	190	133.4166406	107.7032961	104.4030651	101.9803903	152.3154621	186.0107524	130.3840481	42.42640687	114.0175425	184.3908891	205.1828453	122.0655562	117.0469991	130	50	108.1665383	0;

param d:=
1	2
2	12
3	8
4	8
5	4
6	2
7	1
8	2
9	8
10	4
11	12
12	12
13	2
14	12
15	8
16	12
17	1
18	12
19	4
20	4
21	2
22	1
23	4
24	2
25	4
26	8
27	2
28	1
29	2
30	4
31	4
32	2
33	1
34	1
35	8
36	12
37	12
38	1
39	8
40	1
41	4
42	1
43	8
44	2
45	8
46	1
47	8
48	1
49	12
50	12;
param puntos:= 57; 

param cotas: 
 	 1 	 2:= 

1	5687.566780683935	1631.7079277206099
2	5689.205073348284	1629.1885686985624
3	5689.237319562409	1591.2196788130136
4	5689.644695469335	1573.1339560241188
5	5691.282988133684	1570.6145970020716
6	5691.315234347809	1532.6457071165228
7	5692.95352701216	1530.1263480944758
8	5716.996152878741	1493.8585509263903
9	5718.63444554309	1491.3391919043431
10	5733.2513036741275	1491.0306502765698
11	5733.865081914679	1483.8484061287772
12	5735.503374579028	1481.3290471067298
13	5748.302620595781	1470.4846530735642
14	5749.94091326013	1467.965294051517
15	5757.305368119349	1465.9306075258314
16	5770.642059726477	1463.5077352710778
17	5772.280352390828	1460.9883762490306
18	5780.927469719649	1456.7800464393188
19	5782.565762384	1454.2606874172716
20	5797.1826205150355	1453.9521457894982
21	5813.109824249614	1453.1664566185373
22	5879.041630072859	1434.969236502129
23	5880.67992273721	1432.4498774800818
24	5895.296780868246	1432.1413358523084
25	5911.223984602824	1431.3556466813475
26	5932.440344583027	1428.5657462873469
27	5947.057202714062	1428.2572046595737
28	5962.984406448642	1427.4715154886126
29	5988.1053449968185	1421.1397488936368
30	6002.722203127854	1420.8312072658637
31	6018.649406862432	1420.0455180949027
32	6173.797738055235	1419.0676925156786
33	6194.671783798465	1417.4535743900647
34	6210.598987533045	1416.6678852191035
35	6271.344876800767	1416.4641982091025
36	6287.272080535347	1415.6785090381416
37	6351.883799907137	1414.3085152097133
38	6357.727710994548	1410.3361186241277
39	6372.344569125586	1410.0275769963546
40	6388.271772860164	1409.2418878253936
41	6398.240908114572	1402.4246297790908
42	6412.85776624561	1402.1160881513174
43	6428.784969980188	1401.3303989803564
44	6476.357268588743	1398.9343264852714
45	6490.9741267197805	1398.6257848574983
46	6506.901330454359	1397.840095686537
47	6575.913693441693	1394.9986323853807
48	6606.457755307307	1393.9044015866466
49	6654.030053915862	1391.5083290915616
50	6668.646912046897	1391.1997874637882
51	6684.574115781477	1390.4140982928272
52	7002.811262978115	1388.4958169866518
53	7017.428121109151	1388.1872753588784
54	7033.355324843731	1387.4015861879177
55	7357.311658148328	1386.4237606086936
56	7371.928516279364	1386.1152189809204
57	7387.855720013942	1385.3295298099592
; 
