param n=10;
param m=4;
param K = 2;
param Q = 60;
param L =10;
param HC:= 
1 177.193
2 159.422
3 125.145
4 184.36;

param o:
	1	2	3	4	5	6	7	8	9	10:=
1	120.4159458	210.2379604	31.6227766	114.0175425	166.4331698	58.30951895	67.08203932	136.0147051	36.05551275	187.8829423
2	98.48857802	202.4845673	102.9563014	196.468827	60.8276253	114.0175425	148.6606875	213.7755833	78.10249676	90
3	90.55385138	245.9674775	148.6606875	245.1530134	72.11102551	162.788206	196.468827	263.0589288	120.8304597	102.9563014
4	131.5294644	196.977156	20	101.9803903	164.0121947	44.72135955	53.85164807	123.6931688	36.05551275	183.5755975;

param cost:
	1	2	3	4	5	6	7	8	9	10:=
1	0	290	136.0147051	233.4523506	152.9705854	161.5549442	184.3908891	254.9509757	107.7032961	184.3908891
2	290	0	178.8854382	161.245155	186.8154169	152.3154621	162.788206	155.241747	194.1648784	171.1724277
3	136.0147051	178.8854382	0	100	148.6606875	28.28427125	50	120.4159458	30	166.4331698
4	233.4523506	161.245155	100	0	228.2542442	82.46211251	50	22.36067977	130	236.0084744
5	152.9705854	186.8154169	148.6606875	228.2542442	0	150	186.0107524	241.6609195	130.3840481	31.6227766
6	161.5549442	152.3154621	28.28427125	82.46211251	150	0	36.05551275	100.4987562	53.85164807	162.788206
7	184.3908891	162.788206	50	50	186.0107524	36.05551275	0	70.71067812	80	197.9898987
8	254.9509757	155.241747	120.4159458	22.36067977	241.6609195	100.4987562	70.71067812	0	150.3329638	246.9817807
9	107.7032961	194.1648784	30	130	130.3840481	53.85164807	80	150.3329638	0	152.3154621
10	184.3908891	171.1724277	166.4331698	236.0084744	31.6227766	162.788206	197.9898987	246.9817807	152.3154621	0;

param d:=
1	2
2	4
3	1
4	4
5	2
6	8
7	2
8	1
9	4
10	4;
param puntos:= 3; 

param cotas: 
 	 1 	 2:= 

1	1498.1144213091163	634.8390145448636
2	1554.2112416620957	632.5910855038071
3	2510.716238118632	620.5844868050171
; 
