param n=50;
param m=6;
param K = 20;
param Q = 60;
param L =31;
param o: 
		1	2	3	4	5	6	7	8	9	10	11	12	13	14	15	16	17	18	19	20	21	22	23	24	25	26	27	28	29	30	31	32	33	34	35	36	37	38	39	40	41	42	43	44	45	46	47	48	49	50:=
1	67.082 	120.83 	70.7107 	162.788 	50.9902 	113.137 	220 	210.238 	161.245 	190.263 	123.693 	85.44 	155.563 	259.422 	192.354 	120.416 	31.6228 	193.132 	167.631 	67.082 	50 	78.1025 	36.0555 	76.1577 	224.722 	60 	30 	138.924 	114.018 	80.6226 	94.8683 	85.44 	58.3095 	60 	202.485 	50.9902 	181.108 	100.499 	70.7107 	42.4264 	106.301 	199.249 	241.868 	127.279 	169.706 	126.491 	160 	133.417 	194.165 	72.8011 
2	205.183 	76.1577 	76.1577 	170 	192.354 	40 	184.391 	183.848 	208.806 	170.294 	110 	150 	31.6228 	150 	186.011 	70 	155.563 	111.803 	106.301 	151.327 	136.015 	143.178 	148.661 	150.333 	110 	184.391 	170 	150 	110.454 	130 	150.333 	228.254 	130.384 	196.977 	120.83 	183.848 	172.047 	92.1954 	202.485 	186.011 	41.2311 	125.3 	183.576 	31.6228 	40 	40 	144.222 	50.9902 	194.165 	140.357 
3	282.312 	94.8683 	152.971 	117.047 	246.982 	120 	82.4621 	90.5539 	170.88 	90.5539 	233.452 	162.788 	94.8683 	50 	110.454 	194.165 	240.416 	22.3607 	50 	178.045 	233.452 	250.799 	237.697 	170.294 	41.2311 	272.029 	228.254 	272.947 	231.948 	240.208 	155.563 	280.179 	231.948 	244.131 	14.1421 	265.707 	101.98 	210.95 	242.074 	254.951 	130 	22.3607 	64.0312 	110.454 	89.4427 	164.924 	89.4427 	177.2 	120.416 	164.012 
4	100 	110 	50 	178.885 	100.499 	85.44 	225.61 	218.403 	191.05 	199.249 	76.1577 	113.137 	125.3 	240.416 	206.155 	70.7107 	50 	181.108 	160 	100 	31.6228 	50.9902 	42.4264 	106.301 	202.485 	78.1025 	80 	98.9949 	67.082 	44.7214 	120.416 	133.417 	30 	110 	191.05 	78.1025 	193.132 	50.9902 	120.416 	85.44 	76.1577 	190.263 	240.832 	98.4886 	138.924 	80.6226 	167.631 	85.44 	210.238 	98.9949 
5	50 	144.222 	100 	170 	20 	142.127 	231.948 	220.907 	158.114 	200.998 	151.327 	90 	184.391 	283.019 	200 	151.327 	44.7214 	214.709 	187.883 	70 	72.8011 	98.4886 	53.8516 	80 	250 	58.3095 	10 	161.555 	141.421 	104.403 	100 	53.8516 	82.4621 	31.6228 	223.607 	44.7214 	190.263 	130 	44.7214 	20 	136.015 	219.317 	257.099 	156.205 	198.494 	158.114 	172.627 	164.924 	200.25 	80.6226 
6	210.95 	31.6228 	76.1577 	117.047 	183.848 	40 	128.062 	127.279 	161.245 	114.018 	155.242 	117.047 	31.6228 	117.047 	130.384 	117.047 	165.529 	60.8276 	50 	125.3 	155.242 	171.172 	161.555 	120.83 	80.6226 	196.977 	162.788 	194.165 	152.971 	160.312 	114.018 	219.317 	152.971 	184.391 	70.7107 	192.354 	116.619 	131.529 	186.011 	186.011 	50 	72.8011 	130 	31.6228 	40 	89.4427 	89.4427 	102.956 	138.924 	111.803 
;
param cost: 
	1	2	3	4	5	6	7	8	9	10	11	12	13	14	15	16	17	18	19	20	21	22	23	24	25	26	27	28	29	30	31	32	33	34	35	36	37	38	39	40	41	42	43	44	45	46	47	48	49	50:=
1	0	187.883	136.015	220	53.8516	178.045	281.603	270.74	206.155	250.799	152.971	140	220.227	326.497	250	165.529	50	260	234.094	120	76.1577	90.5539	58.3095	130	291.548	30	60	150.333	143.178	101.98	150	58.3095	85.44	67.082	269.258	22.3607	240.208	139.284	80.6226	30	170.294	265.707	305.941	192.094	234.307	180.278	222.036	183.576	250.2	130.384
2	187.883	0	60	94.3398	156.205	42.4264	120.83	116.619	133.417	100	156.525	85.44	60	138.924	113.137	122.066	145.602	72.8011	50	94.3398	140.357	160.312	143.178	89.4427	106.301	177.2	136.015	193.132	152.315	151.327	82.4621	191.05	140	155.563	82.4621	170.88	98.9949	130	156.205	161.245	50	80.6226	131.529	44.7214	70.7107	98.9949	70.7107	113.137	120.416	80.6226
3	136.015	60	0	136.015	116.619	42.4264	177.2	170.88	158.114	152.315	106.301	85.44	84.8528	193.132	161.245	80.6226	89.4427	131.529	110	80.6226	80.6226	100.499	85.44	82.4621	156.525	120.83	94.3398	138.924	100	92.1954	89.4427	152.643	80	120.83	141.421	116.619	147.648	78.1025	126.491	113.137	36.0555	140.357	191.05	56.5685	98.9949	70.7107	120.83	82.4621	166.433	72.8011
4	220	94.3398	136.015	0	171.172	136.015	67.082	53.8516	53.8516	36.0555	242.074	80	148.661	165.529	30	212.132	194.165	101.98	80	100	202.485	228.473	196.469	90	152.971	222.036	160	274.591	236.008	223.607	70	196.469	206.155	162.788	104.403	210.95	22.3607	214.009	155.242	190	142.127	94.8683	100	138.924	155.242	192.094	30	206.155	31.6228	90.5539
5	53.8516	156.205	116.619	171.172	0	158.114	235.372	223.607	152.971	203.961	171.172	92.1954	200	294.109	200.998	171.172	63.2456	224.722	197.231	72.8011	92.1954	117.047	72.8011	82.4621	262.488	70.7107	22.3607	180.278	161.245	123.693	101.98	36.0555	101.98	14.1421	233.238	56.5685	192.354	150	28.2843	28.2843	152.643	228.254	262.488	172.047	214.009	177.2	177.2	184.391	200.25	85.44
6	178.045	42.4264	42.4264	136.015	158.114	0	161.245	158.114	170.88	142.127	117.047	110	42.4264	155.242	155.563	80.6226	130.384	100.499	85.44	111.803	117.047	131.529	125.3	110.454	117.047	161.245	136.015	155.242	114.018	120.416	110.454	194.165	114.018	161.245	110.454	158.114	141.421	92.1954	165.529	155.563	10	111.803	167.631	14.1421	56.5685	56.5685	113.137	70.7107	162.788	100.499
7	281.603	120.83	177.2	67.082	235.372	161.245	0	14.1421	113.137	31.6228	277.308	143.178	155.563	120.416	42.4264	241.868	250.2	80.6226	78.1025	162.788	253.18	276.586	250.799	152.971	123.693	280	222.036	313.847	273.13	269.258	133.417	262.488	254.951	228.035	76.1577	270.185	44.7214	250.799	221.359	251.794	170	67.082	36.0555	158.114	156.205	216.333	60	230.217	50	151.327
8	270.74	116.619	170.88	53.8516	223.607	158.114	14.1421	0	98.9949	20	272.947	131.529	156.205	131.529	28.2843	238.537	240.832	85.44	78.1025	151.327	245.153	269.258	241.868	141.421	131.529	270.185	210.95	308.707	268.328	262.488	121.655	250	247.386	215.87	82.4621	260	31.6228	245.967	208.806	240.832	166.433	72.8011	50	156.205	158.114	214.009	50.9902	228.035	36.0555	140.357
9	206.155	133.417	158.114	53.8516	152.971	170.88	113.137	98.9949	0	86.0233	262.488	78.1025	192.354	219.317	70.7107	238.537	192.354	155.242	131.529	94.3398	208.087	236.008	197.231	86.0233	206.155	215.407	148.661	290	254.951	234.307	70.7107	170	214.009	141.421	158.114	202.485	72.111	234.307	130.384	177.2	174.642	148.661	148.661	177.2	200.998	223.607	82.4621	237.065	64.0312	92.1954
10	250.799	100	152.315	36.0555	203.961	142.127	31.6228	20	86.0233	0	255.539	111.803	144.222	136.015	20	222.036	220.907	80.6226	67.082	131.529	225.61	250	222.036	121.655	130	250.2	191.05	290.689	250.599	243.516	101.98	230.868	228.035	196.469	80	240	14.1421	228.254	189.737	220.907	150	70	64.0312	141.421	147.648	198.494	31.6228	212.603	30	120.416
11	152.971	156.525	106.301	242.074	171.172	117.047	277.308	272.947	262.488	255.539	0	186.011	140.357	260	266.271	40	110	215.87	202.485	174.929	80	63.2456	100	180.278	220	123.693	152.971	40	10	50.9902	192.094	200	70	182.483	225.61	131.529	252.389	28.2843	194.165	150	107.703	228.035	284.605	123.693	150	70	224.722	60.8276	272.029	172.047
12	140	85.44	85.44	80	92.1954	110	143.178	131.529	78.1025	111.803	186.011	0	143.178	212.132	110	165.529	117.047	141.421	113.137	20	130.384	158.114	120.83	10	186.011	143.178	80	212.132	178.045	156.205	10	120.83	136.015	85.44	148.661	131.529	100.499	158.114	80.6226	110	110.454	142.127	170.88	120.416	155.242	155.242	85.44	167.631	110.454	14.1421
13	220.227	60	84.8528	148.661	200	42.4264	155.563	156.205	192.354	144.222	140.357	143.178	0	120.416	161.245	100.499	172.047	80.6226	78.1025	148.661	156.525	167.631	166.433	145.602	80.6226	202.485	178.045	180.278	140	155.242	141.421	236.008	152.315	202.485	89.4427	200	147.648	120.416	205.913	197.99	50	94.3398	152.643	28.2843	14.1421	70.7107	120.83	82.4621	170	136.015
14	326.497	138.924	193.132	165.529	294.109	155.242	120.416	131.529	219.317	136.015	260	212.132	120.416	0	155.242	220	282.312	70.7107	98.9949	226.716	272.029	286.356	278.568	219.317	40	313.847	274.591	300	260.192	274.591	205.183	328.024	269.258	292.062	64.0312	308.707	148.661	240.832	290.689	300.167	164.924	72.111	90.5539	143.178	110	190	138.924	200.25	164.924	212.603
15	250	113.137	161.245	30	200.998	155.563	42.4264	28.2843	70.7107	20	266.271	110	161.245	155.242	0	234.307	223.607	100.499	85.44	130	230.868	256.32	225.61	120	150	251.794	190	300.167	260.768	250.799	100	225.61	234.094	192.354	100	240.832	14.1421	238.537	184.391	220	162.788	90	78.1025	156.205	165.529	212.132	42.4264	226.274	10	120.416
16	165.529	122.066	80.6226	212.132	171.172	80.6226	241.868	238.537	238.537	222.036	40	165.529	100.499	220	234.307	0	117.047	177.2	165.529	158.114	89.4427	84.8528	107.703	161.555	180	138.924	150.333	80	41.2311	70.7107	170	203.961	80.6226	180.278	186.815	143.178	220.227	28.2843	190	155.242	72.111	189.737	246.982	85.44	110	30	192.094	22.3607	240.832	152.315
17	50	145.602	89.4427	194.165	63.2456	130.384	250.2	240.832	192.354	220.907	110	117.047	172.047	282.312	223.607	117.047	0	218.403	194.165	98.4886	30	53.8516	10	107.703	245.967	31.6228	50	117.047	100	60.8276	126.491	90	40	76.1577	228.035	28.2843	212.132	92.1954	89.4427	40	122.066	225.61	270.74	144.222	186.011	130.384	190.263	134.164	225.61	104.403
18	260	72.8011	131.529	101.98	224.722	100.499	80.6226	85.44	155.242	80.6226	215.87	141.421	80.6226	70.7107	100.499	177.2	218.403	0	28.2843	156.205	212.132	230.217	215.87	148.661	50.9902	250	205.913	254.951	213.776	220	134.536	258.07	210.95	222.036	10	243.516	90	192.354	220.227	232.594	110.454	14.1421	72.111	92.1954	78.1025	148.661	72.8011	161.555	110.454	142.127
19	234.094	50	110	80	197.231	85.44	78.1025	78.1025	131.529	67.082	202.485	113.137	78.1025	98.9949	85.44	165.529	194.165	28.2843	0	128.062	190.263	210.238	192.354	120.416	76.1577	225.61	178.885	240.416	199.249	200.998	106.301	230.217	190	194.165	36.0555	218.403	72.8011	177.2	192.094	206.155	94.8683	31.6228	82.4621	80.6226	80.6226	138.924	50	152.643	94.8683	114.018
20	120	94.3398	80.6226	100	72.8011	111.803	162.788	151.327	94.3398	131.529	174.929	20	148.661	226.716	130	158.114	98.4886	156.205	128.062	0	114.018	142.127	102.956	10	198.494	123.693	60	198.494	166.433	141.421	30	102.956	120.416	67.082	164.012	111.803	120.416	147.648	64.0312	90	110.454	158.114	189.737	123.693	161.555	151.327	104.403	162.788	130.384	14.1421
21	76.1577	140.357	80.6226	202.485	92.1954	117.047	253.18	245.153	208.087	225.61	80	130.384	156.525	272.029	230.868	89.4427	30	212.132	190.263	114.018	0	28.2843	20	122.066	234.094	50	76.1577	89.4427	70	31.6228	138.924	120	10	104.403	222.036	53.8516	218.403	63.2456	117.047	70	107.703	220.907	270.185	130	170	106.301	194.165	108.167	234.094	116.619
22	90.5539	160.312	100.499	228.473	117.047	131.529	276.586	269.258	236.008	250	63.2456	158.114	167.631	286.356	256.32	84.8528	53.8516	230.217	210.238	142.127	28.2843	0	44.7214	150	247.386	60.8276	102.956	63.2456	53.8516	14.1421	166.433	141.421	22.3607	130	240.208	70	243.516	56.5685	143.178	92.1954	121.655	240	291.548	143.178	180.278	108.167	218.403	106.301	260	144.222
23	58.3095	143.178	85.44	196.469	72.8011	125.3	250.799	241.868	197.231	222.036	100	120.83	166.433	278.568	225.61	107.703	10	215.87	192.354	102.956	20	44.7214	0	111.803	241.661	36.0555	58.3095	107.703	90	50.9902	130	100	30	85.44	225.61	36.0555	213.776	82.4621	98.4886	50	116.619	223.607	270.185	138.924	180.278	122.066	191.05	125.3	228.035	107.703
24	130	89.4427	82.4621	90	82.4621	110.454	152.971	141.421	86.0233	121.655	180.278	10	145.602	219.317	120	161.555	107.703	148.661	120.416	10	122.066	150	111.803	0	192.094	133.417	70	205.183	172.047	148.661	20	111.803	128.062	76.1577	156.205	121.655	110.454	152.643	72.111	100	110	150	180.278	121.655	158.114	152.971	94.8683	164.924	120.416	10
25	291.548	106.301	156.525	152.971	262.488	117.047	123.693	131.529	206.155	130	220	186.011	80.6226	40	150	180	245.967	50.9902	76.1577	198.494	234.094	247.386	241.661	192.094	0	277.308	242.074	260	220.227	235.372	180.278	297.321	230.868	261.725	50	272.947	140.357	200.998	261.725	266.271	126.491	60	102.956	104.403	70	150	123.693	160.312	160	184.391
26	30	177.2	120.83	222.036	70.7107	161.245	280	270.185	215.407	250.2	123.693	143.178	202.485	313.847	251.794	138.924	31.6228	250	225.61	123.693	50	60.8276	36.0555	133.417	277.308	0	67.082	120.416	114.018	72.8011	152.971	85.44	58.3095	84.8528	259.615	14.1421	240.832	111.803	98.9949	42.4264	152.643	257.099	301.496	174.929	216.333	156.205	220	158.114	253.18	131.529
27	60	136.015	94.3398	160	22.3607	136.015	222.036	210.95	148.661	191.05	152.971	80	178.045	274.591	190	150.333	50	205.913	178.885	60	76.1577	102.956	58.3095	70	242.074	67.082	0	165.529	143.178	107.703	90	58.3095	85.44	30	214.709	53.8516	180.278	130.384	41.2311	30	130.384	210.238	247.386	150	192.094	155.242	162.788	162.788	190.263	70.7107
28	150.333	193.132	138.924	274.591	180.278	155.242	313.847	308.707	290	290.689	40	212.132	180.278	300	300.167	80	117.047	254.951	240.416	198.494	89.4427	63.2456	107.703	205.183	260	120.416	165.529	0	41.2311	58.3095	219.317	203.961	80.6226	193.132	264.764	131.529	286.531	63.2456	206.155	155.242	145.602	266.833	322.8	162.788	190	110	259.422	100.499	305.287	197.99
29	143.178	152.315	100	236.008	161.245	114.018	273.13	268.328	254.951	250.599	10	178.045	140	260.192	260.768	41.2311	100	213.776	199.249	166.433	70	53.8516	90	172.047	220.227	114.018	143.178	41.2311	0	41.2311	184.391	190	60	172.627	223.607	121.655	246.982	22.3607	184.391	140	104.403	225.61	281.603	121.655	150.333	70.7107	219.545	63.2456	266.271	164.012
30	101.98	151.327	92.1954	223.607	123.693	120.416	269.258	262.488	234.307	243.516	50.9902	156.205	155.242	274.591	250.799	70.7107	60.8276	220	200.998	141.421	31.6228	14.1421	50.9902	148.661	235.372	72.8011	107.703	58.3095	41.2311	0	164.012	150.333	22.3607	136.015	230	80.6226	237.697	42.4264	148.661	100.499	110.454	230.217	282.843	131.529	167.631	94.3398	211.896	92.1954	254.951	142.127
31	150	82.4621	89.4427	70	101.98	110.454	133.417	121.655	70.7107	101.98	192.094	10	141.421	205.183	100	170	126.491	134.536	106.301	30	138.924	166.433	130	20	180.278	152.971	90	219.317	184.391	164.012	0	130	144.222	94.8683	141.421	141.421	90.5539	164.012	89.4427	120	111.803	134.536	161.555	120	152.971	158.114	76.1577	170.88	100.499	22.3607
32	58.3095	191.05	152.643	196.469	36.0555	194.165	262.488	250	170	230.868	200	120.83	236.008	328.024	225.61	203.961	90	258.07	230.217	102.956	120	141.421	100	111.803	297.321	85.44	58.3095	203.961	190	150.333	130	0	130	36.0555	266.271	72.8011	218.403	181.108	41.2311	50	188.68	260.768	291.548	208.087	250	211.896	206.155	218.403	223.607	116.619
33	85.44	140	80	206.155	101.98	114.018	254.951	247.386	214.009	228.035	70	136.015	152.315	269.258	234.094	80.6226	40	210.95	190	120.416	10	22.3607	30	128.062	230.868	58.3095	85.44	80.6226	60	22.3607	144.222	130	0	114.018	220.907	63.2456	221.359	53.8516	126.491	80	104.403	220.227	270.74	126.491	165.529	98.9949	196.469	100	237.697	122.066
34	67.082	155.563	120.83	162.788	14.1421	161.245	228.035	215.87	141.421	196.469	182.483	85.44	202.485	292.062	192.354	180.278	76.1577	222.036	194.165	67.082	104.403	130	85.44	76.1577	261.725	84.8528	30	193.132	172.627	136.015	94.8683	36.0555	114.018	0	230.217	70.7107	184.391	160.312	14.1421	42.4264	156.525	224.722	256.32	174.929	216.333	184.391	170.88	192.354	191.05	80.6226
35	269.258	82.4621	141.421	104.403	233.238	110.454	76.1577	82.4621	158.114	80	225.61	148.661	89.4427	64.0312	100	186.815	228.035	10	36.0555	164.012	222.036	240.208	225.61	156.205	50	259.615	214.709	264.764	223.607	230	141.421	266.271	220.907	230.217	0	252.982	90.5539	202.237	228.035	241.661	120.416	10	64.0312	101.98	86.0233	158.114	76.1577	170.88	110	150
36	22.3607	170.88	116.619	210.95	56.5685	158.114	270.185	260	202.485	240	131.529	131.529	200	308.707	240.832	143.178	28.2843	243.516	218.403	111.803	53.8516	70	36.0555	121.655	272.947	14.1421	53.8516	131.529	121.655	80.6226	141.421	72.8011	63.2456	70.7107	252.982	0	230.217	117.047	84.8528	28.2843	150	250	292.746	172.047	214.009	158.114	210.238	161.245	241.868	120.416
37	240.208	98.9949	147.648	22.3607	192.354	141.421	44.7214	31.6228	72.111	14.1421	252.389	100.499	147.648	148.661	14.1421	220.227	212.132	90	72.8011	120.416	218.403	243.516	213.776	110.454	140.357	240.832	180.278	286.531	246.982	237.697	90.5539	218.403	221.359	184.391	90.5539	230.217	0	224.722	177.2	210.238	148.661	80.6226	78.1025	142.127	152.315	197.99	28.2843	212.132	22.3607	110
38	139.284	130	78.1025	214.009	150	92.1954	250.799	245.967	234.307	228.254	28.2843	158.114	120.416	240.832	238.537	28.2843	92.1954	192.354	177.2	147.648	63.2456	56.5685	82.4621	152.643	200.998	111.803	130.384	63.2456	22.3607	42.4264	164.012	181.108	53.8516	160.312	202.237	117.047	224.722	0	171.172	131.529	82.4621	203.961	259.615	100.499	131.529	53.8516	197.231	50	244.131	144.222
39	80.6226	156.205	126.491	155.242	28.2843	165.529	221.359	208.806	130.384	189.737	194.165	80.6226	205.913	290.689	184.391	190	89.4427	220.227	192.094	64.0312	117.047	143.178	98.4886	72.111	261.725	98.9949	41.2311	206.155	184.391	148.661	89.4427	41.2311	126.491	14.1421	228.035	84.8528	177.2	171.172	0	56.5685	161.555	222.036	250.799	178.885	219.545	192.354	165.529	200.998	182.483	78.1025
40	30	161.245	113.137	190	28.2843	155.563	251.794	240.832	177.2	220.907	150	110	197.99	300.167	220	155.242	40	232.594	206.155	90	70	92.1954	50	100	266.271	42.4264	30	155.242	140	100.499	120	50	80	42.4264	241.661	28.2843	210.238	131.529	56.5685	0	148.661	237.697	276.586	169.706	212.132	165.529	192.354	170.88	220.227	100.499
41	170.294	50	36.0555	142.127	152.643	10	170	166.433	174.642	150	107.703	110.454	50	164.924	162.788	72.111	122.066	110.454	94.8683	110.454	107.703	121.655	116.619	110	126.491	152.643	130.384	145.602	104.403	110.454	111.803	188.68	104.403	156.525	120.416	150	148.661	82.4621	161.555	148.661	0	121.655	177.2	22.3607	64.0312	50	120.416	64.0312	169.706	100
42	265.707	80.6226	140.357	94.8683	228.254	111.803	67.082	72.8011	148.661	70	228.035	142.127	94.3398	72.111	90	189.737	225.61	14.1421	31.6228	158.114	220.907	240	223.607	150	60	257.099	210.238	266.833	225.61	230.217	134.536	260.768	220.227	224.722	10	250	80.6226	203.961	222.036	237.697	121.655	0	58.3095	104.403	92.1954	161.555	67.082	174.642	100	144.222
43	305.941	131.529	191.05	100	262.488	167.631	36.0555	50	148.661	64.0312	284.605	170.88	152.643	90.5539	78.1025	246.982	270.74	72.111	82.4621	189.737	270.185	291.548	270.185	180.278	102.956	301.496	247.386	322.8	281.603	282.843	161.555	291.548	270.74	256.32	64.0312	292.746	78.1025	259.615	250.799	276.586	177.2	58.3095	0	161.555	150	219.317	85.44	232.594	86.0233	177.2
44	192.094	44.7214	56.5685	138.924	172.047	14.1421	158.114	156.205	177.2	141.421	123.693	120.416	28.2843	143.178	156.205	85.44	144.222	92.1954	80.6226	123.693	130	143.178	138.924	121.655	104.403	174.929	150	162.788	121.655	131.529	120	208.087	126.491	174.929	101.98	172.047	142.127	100.499	178.885	169.706	22.3607	104.403	161.555	0	42.4264	58.3095	114.018	72.111	164.012	111.803
45	234.307	70.7107	98.9949	155.242	214.009	56.5685	156.205	158.114	200.998	147.648	150	155.242	14.1421	110	165.529	110	186.011	78.1025	80.6226	161.555	170	180.278	180.278	158.114	70	216.333	192.094	190	150.333	167.631	152.971	250	165.529	216.333	86.0233	214.009	152.315	131.529	219.545	212.132	64.0312	92.1954	150	42.4264	0	80	126.491	90.5539	174.642	148.661
46	180.278	98.9949	70.7107	192.094	177.2	56.5685	216.333	214.009	223.607	198.494	70	155.242	70.7107	190	212.132	30	130.384	148.661	138.924	151.327	106.301	108.167	122.066	152.971	150	156.205	155.242	110	70.7107	94.3398	158.114	211.896	98.9949	184.391	158.114	158.114	197.99	53.8516	192.354	165.529	50	161.555	219.317	58.3095	80	0	169.706	14.1421	219.317	143.178
47	222.036	70.7107	120.83	30	177.2	113.137	60	50.9902	82.4621	31.6228	224.722	85.44	120.83	138.924	42.4264	192.094	190.263	72.8011	50	104.403	194.165	218.403	191.05	94.8683	123.693	220	162.788	259.422	219.545	211.896	76.1577	206.155	196.469	170.88	76.1577	210.238	28.2843	197.231	165.529	192.354	120.416	67.082	85.44	114.018	126.491	169.706	0	183.848	50	92.1954
48	183.576	113.137	82.4621	206.155	184.391	70.7107	230.217	228.035	237.065	212.603	60.8276	167.631	82.4621	200.25	226.274	22.3607	134.164	161.555	152.643	162.788	108.167	106.301	125.3	164.924	160.312	158.114	162.788	100.499	63.2456	92.1954	170.88	218.403	100	192.354	170.88	161.245	212.132	50	200.998	170.88	64.0312	174.642	232.594	72.111	90.5539	14.1421	183.848	0	233.452	155.242
49	250.2	120.416	166.433	31.6228	200.25	162.788	50	36.0555	64.0312	30	272.029	110.454	170	164.924	10	240.832	225.61	110.454	94.8683	130.384	234.094	260	228.035	120.416	160	253.18	190.263	305.287	266.271	254.951	100.499	223.607	237.697	191.05	110	241.868	22.3607	244.131	182.483	220.227	169.706	100	86.0233	164.012	174.642	219.317	50	233.452	0	121.655
50	130.384	80.6226	72.8011	90.5539	85.44	100.499	151.327	140.357	92.1954	120.416	172.047	14.1421	136.015	212.603	120.416	152.315	104.403	142.127	114.018	14.1421	116.619	144.222	107.703	10	184.391	131.529	70.7107	197.99	164.012	142.127	22.3607	116.619	122.066	80.6226	150	120.416	110	144.222	78.1025	100.499	100	144.222	177.2	111.803	148.661	143.178	92.1954	155.242	121.655	0
;

param d:=
1	2
2	2
3	1
4	4
5	2
6	1
7	12
8	1
9	4
10	8
11	8
12	1
13	2
14	1
15	2
16	2
17	2
18	8
19	2
20	4
21	2
22	2
23	8
24	12
25	4
26	2
27	4
28	12
29	1
30	8
31	2
32	1
33	4
34	12
35	12
36	12
37	12
38	12
39	8
40	12
41	1
42	1
43	4
44	1
45	1
46	12
47	1
48	8
49	2
50	1;