param n=100;
param m=6;
param K = 18;
param Q = 60;
param L =38;
param HC:=
1 204.17
2 197.202
3 256.53
4 244.5
5 256.902
6 236.728;

param o:
	1	2	3	4	5	6	7	8	9	10	11	12	13	14	15	16	17	18	19	20	21	22	23	24	25	26	27	28	29	30	31	32	33	34	35	36	37	38	39	40	41	42	43	44	45	46	47	48	49	50	51	52	53	54	55	56	57	58	59	60	61	62	63	64	65	66	67	68	69	70	71	72	73	74	75	76	77	78	79	80	81	82	83	84	85	86	87	88	89	90	91	92	93	94	95	96	97	98	99	100:=
1	183.8477631	174.642492	14.14213562	72.11102551	243.3105012	114.0175425	169.7056275	186.8154169	212.1320344	162.788206	237.6972865	170	200	130.3840481	31.6227766	180	92.19544457	270	255.5386468	151.3274595	44.72135955	140.3566885	194.1648784	178.8854382	111.8033989	67.08203932	219.544984	36.05551275	191.0497317	277.3084925	98.48857802	283.019434	256.3201124	151.3274595	31.6227766	212.1320344	161.245155	110.4536102	148.6606875	104.4030651	63.2455532	212.6029163	94.33981132	151.3274595	183.8477631	136.0147051	248.394847	282.8427125	140.3566885	190	136.0147051	282.8427125	100	98.48857802	196.468827	186.0107524	53.85164807	142.126704	160	120.4159458	100.4987562	264.0075756	130	90	162.788206	260	142.126704	240.8318916	31.6227766	162.788206	36.05551275	178.0449381	203.9607805	130	260.7680962	121.6552506	240.208243	136.0147051	174.642492	80.62257748	294.2787794	133.4166406	172.0465053	150	131.5294644	117.0469991	128.0624847	273.1300057	28.28427125	268.3281573	90	275.1363298	210	250.1999201	304.1381265	250	220	92.19544457	220.9072203	269.2582404
2	161.5549442	192.3538406	85.44003745	136.0147051	261.7250466	110	148.6606875	200.9975124	233.4523506	145.6021978	240.8318916	202.4845673	230.8679276	98.48857802	78.10249676	211.896201	44.72135955	298.3286778	247.3863375	89.4427191	50	170.8800749	184.3908891	180.2775638	139.2838828	14.14213562	213.7755833	56.56854249	165.5294536	274.5906044	155.5634919	272.0294102	260.7680962	192.3538406	100.4987562	250.7987241	98.48857802	41.23105626	98.99494937	126.4911064	41.23105626	193.1320792	156.2049935	177.2004515	190	107.7032961	228.4731932	301.4962686	178.8854382	221.3594362	84.85281374	319.5309062	138.9244399	114.0175425	210.9502311	174.642492	126.4911064	117.0469991	193.1320792	161.245155	42.42640687	263.0589288	165.5294536	130.3840481	90.55385138	261.7250466	131.5294644	275.1363298	41.23105626	184.3908891	107.7032961	164.924225	245.9674775	63.2455532	284.4292531	64.03124237	272.0294102	186.0107524	219.544984	14.14213562	310.6444913	180.2775638	162.788206	183.8477631	174.9285568	72.11102551	120.4159458	272.9468813	98.48857802	264.7640459	28.28427125	280.713377	240.4163056	281.6025568	298.3286778	234.0939982	250	90.55385138	245.1530134	271.6615541
3	140	64.03124237	120	76.15773106	120.8304597	89.4427191	130.3840481	78.10249676	89.4427191	120.4159458	134.5362405	41.23105626	70.71067812	134.1640786	101.9803903	50.99019514	148.6606875	140.3566885	166.4331698	194.1648784	120.8304597	22.36067977	123.6931688	94.86832981	36.05551275	174.642492	134.1640786	117.0469991	150	176.9180601	50	194.1648784	148.6606875	22.36067977	141.4213562	82.46211251	202.4845673	184.3908891	170	50	130.3840481	152.9705854	64.03124237	36.05551275	89.4427191	130	180.2775638	158.113883	10	60.8276253	166.4331698	152.9705854	31.6227766	64.03124237	84.85281374	121.6552506	117.0469991	126.4911064	31.6227766	10	162.788206	162.788206	10	41.23105626	233.4523506	155.5634919	101.9803903	110.4536102	145.6021978	50	111.8033989	120.4159458	76.15773106	191.0497317	133.4166406	170.2938637	110	30	50	166.4331698	170.8800749	20	110.4536102	22.36067977	10	150	94.86832981	169.7056275	110.4536102	170.2938637	164.0121947	164.0121947	80.62257748	120	205.1828453	174.642492	90.55385138	92.19544457	94.86832981	162.788206
4	72.80109889	76.15773106	224.7220505	205.1828453	80.62257748	117.0469991	80.62257748	63.2455532	80.62257748	80	28.28427125	114.0175425	110	130	197.2308292	111.8033989	181.1077028	130.3840481	28.28427125	184.3908891	193.1320792	116.6190379	40	50	127.2792206	235.3720459	10	196.977156	76.15773106	50.99019514	186.0107524	56.56854249	44.72135955	139.2838828	252.3885893	140.3566885	186.8154169	210	152.9705854	128.0624847	186.8154169	50	200	102.9563014	50	120	50.99019514	106.3014581	134.1640786	110.4536102	161.245155	170	148.6606875	130.3840481	60.8276253	50	240.8318916	110	117.0469991	144.222051	190.2629759	40	130.3840481	155.5634919	235.3720459	41.23105626	92.19544457	136.0147051	224.7220505	89.4427191	228.035085	60	150	200.9975124	108.1665383	180.2775638	126.4911064	165.5294536	152.9705854	212.1320344	108.1665383	156.5247584	60.8276253	120.8304597	147.6482306	160	104.4030651	50	222.0360331	41.23105626	200.9975124	63.2455532	110.4536102	130	76.15773106	40	111.8033989	139.2838828	92.19544457	50.99019514
5	114.0175425	30	196.468827	161.245155	40	114.0175425	113.137085	22.36067977	14.14213562	106.3014581	53.85164807	50	40	147.6482306	172.626765	44.72135955	186.8154169	80.62257748	92.19544457	210.9502311	180	67.08203932	80.62257748	56.56854249	92.19544457	230.8679276	70.71067812	180.2775638	122.0655562	94.33981132	136.0147051	117.0469991	64.03124237	78.10249676	221.3594362	70.71067812	216.3330765	221.3594362	180.2775638	100.4987562	181.1077028	107.7032961	150	53.85164807	42.42640687	138.9244399	120.4159458	80	78.10249676	41.23105626	183.5755975	113.137085	107.7032961	110	14.14213562	86.02325267	201.246118	130.3840481	56.56854249	94.33981132	199.2485885	80.62257748	80.62257748	117.0469991	259.4224354	72.11102551	102.9563014	72.11102551	210.2379604	41.23105626	193.1320792	92.19544457	80	219.317122	63.2455532	196.977156	64.03124237	106.3014581	85.44003745	213.7755833	90.55385138	98.99494937	84.85281374	64.03124237	92.19544457	174.642492	107.7032961	86.02325267	189.7366596	89.4427191	206.1552813	78.10249676	41.23105626	70.71067812	122.0655562	110	44.72135955	131.5294644	28.28427125	78.10249676
6	31.6227766	122.0655562	174.9285568	184.3908891	172.0465053	70.71067812	28.28427125	120.4159458	155.5634919	36.05551275	130	156.5247584	172.0465053	42.42640687	147.6482306	161.245155	94.33981132	220.2271555	120.4159458	80.62257748	128.0624847	136.0147051	67.08203932	84.85281374	120.4159458	152.6433752	94.86832981	136.0147051	30	151.3274595	180.2775638	140.3566885	148.6606875	167.6305461	202.4845673	202.4845673	82.46211251	114.0175425	50	110	113.137085	60	191.0497317	130	98.99494937	36.05551275	92.19544457	205.9126028	155.241747	166.4331698	60.8276253	254.5584412	140	100.4987562	127.2792206	58.30951895	206.1552813	31.6227766	152.3154621	151.3274595	98.48857802	143.1782106	143.1782106	140.3566885	131.5294644	145.6021978	50.99019514	212.6029163	155.5634919	125.2996409	187.8829423	50	205.9126028	100.4987562	200	82.46211251	205.1828453	182.4828759	193.1320792	125.2996409	210.2379604	172.626765	56.56854249	148.6606875	162.788206	67.08203932	60	152.9705854	178.8854382	141.4213562	111.8033989	167.6305461	178.0449381	212.1320344	170	100.4987562	184.3908891	85.44003745	169.7056275	155.241747;

param cost:
	1	2	3	4	5	6	7	8	9	10	11	12	13	14	15	16	17	18	19	20	21	22	23	24	25	26	27	28	29	30	31	32	33	34	35	36	37	38	39	40	41	42	43	44	45	46	47	48	49	50	51	52	53	54	55	56	57	58	59	60	61	62	63	64	65	66	67	68	69	70	71	72	73	74	75	76	77	78	79	80	81	82	83	84	85	86	87	88	89	90	91	92	93	94	95	96	97	98	99	100:=
1	0	98.48857802	184.3908891	183.8477631	142.126704	72.11102551	14.14213562	94.33981132	128.0624847	22.36067977	98.48857802	136.0147051	147.6482306	63.2455532	156.2049935	139.2838828	117.0469991	191.0497317	90	111.8033989	142.126704	120.4159458	36.05551275	58.30951895	111.8033989	174.642492	63.2455532	148.6606875	10	120.4159458	174.642492	111.8033989	117.0469991	151.3274595	212.6029163	178.8854382	114.0175425	141.4213562	80.62257748	104.4030651	130.3840481	31.6227766	186.8154169	111.8033989	72.11102551	53.85164807	67.08203932	174.9285568	140.3566885	143.1782106	90	226.715681	133.4166406	98.48857802	100	28.28427125	210.9502311	44.72135955	133.4166406	140.3566885	123.6931688	111.8033989	130	136.0147051	162.788206	114.0175425	44.72135955	186.0107524	172.0465053	104.4030651	194.1648784	22.36067977	183.8477631	130	170.2938637	110.4536102	178.0449381	170	174.642492	148.6606875	178.8854382	160	31.6227766	131.5294644	150	92.19544457	58.30951895	121.6552506	186.0107524	110.4536102	136.0147051	136.0147051	152.6433752	184.3908891	140.3566885	72.80109889	158.113883	92.19544457	142.126704	123.6931688
2	98.48857802	0	167.6305461	136.0147051	70	85.44003745	94.33981132	14.14213562	41.23105626	86.02325267	70.71067812	40	50	122.0655562	143.1782106	41.23105626	158.113883	107.7032961	102.9563014	186.0107524	150	42.42640687	70.71067812	41.23105626	63.2455532	200.9975124	72.80109889	150.3329638	107.7032961	113.137085	113.137085	130.3840481	86.02325267	63.2455532	193.1320792	80.62257748	192.0937271	193.1320792	156.2049935	70.71067812	151.3274595	100.4987562	127.2792206	28.28427125	30	114.0175425	121.6552506	110	58.30951895	44.72135955	158.113883	136.0147051	80.62257748	80	22.36067977	72.80109889	174.9285568	106.3014581	41.23105626	70.71067812	170.8800749	98.99494937	56.56854249	89.4427191	233.2380758	92.19544457	78.10249676	92.19544457	180.2775638	14.14213562	165.5294536	76.15773106	85.44003745	192.3538406	92.19544457	170	86.02325267	89.4427191	80	184.3908891	120.4159458	80.62257748	67.08203932	44.72135955	72.11102551	147.6482306	80.62257748	106.3014581	161.5549442	106.3014581	177.2004515	102.9563014	56.56854249	94.33981132	141.4213562	114.0175425	64.03124237	101.9803903	53.85164807	100
3	184.3908891	167.6305461	0	58.30951895	235.3720459	113.137085	170.2938637	180.2775638	203.9607805	162.788206	232.594067	160.3121954	190.2629759	134.1640786	28.28427125	170.2938637	100.4987562	260.1922366	252.3885893	160.3121954	50.99019514	131.5294644	192.0937271	174.9285568	104.4030651	80.62257748	216.3330765	41.23105626	192.0937271	272.9468813	85.44003745	280.1785145	250.7987241	140.3566885	28.28427125	200.9975124	170.2938637	121.6552506	155.241747	98.48857802	70.71067812	212.1320344	80.62257748	143.1782106	178.8854382	138.9244399	247.5883681	274.5906044	130	180.2775638	143.1782106	271.6615541	90.55385138	94.33981132	189.7366596	184.3908891	41.23105626	144.222051	150.3329638	110	110	259.4224354	120.4159458	80.62257748	174.642492	254.9509757	141.4213562	230.2172887	44.72135955	155.241747	22.36067977	176.9180601	192.3538406	140.3566885	251.7935662	130.3840481	230	123.6931688	162.788206	92.19544457	286.3564213	121.6552506	170.2938637	140.3566885	120.4159458	123.6931688	127.2792206	268.3281573	14.14213562	264.1968963	100.4987562	269.2582404	200.2498439	240	300.1666204	248.394847	210.2379604	92.19544457	212.1320344	264.0075756
4	183.8477631	136.0147051	58.30951895	0	196.977156	114.0175425	170.8800749	150	165.5294536	161.5549442	206.1552813	117.0469991	145.6021978	150.3329638	58.30951895	126.4911064	136.0147051	213.7755833	233.4523506	194.1648784	89.4427191	94.33981132	180.2775638	156.2049935	78.10249676	134.5362405	198.4943324	80.62257748	193.1320792	248.394847	30	261.7250466	222.0360331	92.19544457	70.71067812	150.3329638	203.9607805	165.5294536	180.2775638	80.62257748	107.7032961	205.9126028	22.36067977	108.1665383	155.5634919	151.3274595	238.5372088	234.0939982	85.44003745	136.0147051	171.1724277	220	56.56854249	85.44003745	158.113883	174.9285568	41.23105626	152.9705854	107.7032961	67.08203932	148.6606875	234.3074903	80.62257748	50	219.317122	228.035085	139.2838828	181.1077028	98.99494937	122.0655562	41.23105626	170	140	180.2775638	208.8061302	164.924225	182.4828759	70	110	138.9244399	246.9817807	70.71067812	161.245155	98.48857802	72.80109889	151.3274595	126.4911064	242.0743687	44.72135955	240.8318916	143.1782106	238.5372088	155.241747	192.3538406	276.5863337	236.0084744	164.924225	100.4987562	170.8800749	236.0084744
5	142.126704	70	235.3720459	196.977156	0	152.9705854	144.222051	60.8276253	31.6227766	138.9244399	53.85164807	80.62257748	56.56854249	183.8477631	212.1320344	72.11102551	225.6102835	50	92.19544457	245.9674775	220	104.4030651	106.3014581	89.4427191	131.5294644	270.7397274	86.02325267	220.2271555	148.6606875	80.62257748	170	110	50	108.1665383	259.6150997	76.15773106	250.5992817	259.6150997	214.7091055	140.3566885	220.9072203	128.0624847	183.5755975	92.19544457	76.15773106	174.642492	130	40	111.8033989	64.03124237	219.317122	89.4427191	145.6021978	150	50.99019514	114.0175425	237.6972865	165.5294536	89.4427191	130	237.6972865	70	117.0469991	155.241747	295.4657341	60	139.2838828	60	250.1999201	80.62257748	230.8679276	122.0655562	89.4427191	256.3201124	28.28427125	234.0939982	50	136.0147051	106.3014581	253.179778	50.99019514	130.3840481	116.6190379	98.48857802	125.2996409	211.896201	145.6021978	70.71067812	228.035085	80	245.1530134	53.85164807	50	50.99019514	104.4030651	117.0469991	44.72135955	171.1724277	28.28427125	60.8276253
6	72.11102551	85.44003745	113.137085	114.0175425	152.9705854	0	58.30951895	92.19544457	126.4911064	50	131.5294644	106.3014581	130.3840481	44.72135955	84.85281374	114.0175425	72.80109889	193.1320792	143.1782106	106.3014581	76.15773106	78.10249676	80.62257748	70.71067812	53.85164807	120.4159458	107.7032961	80.62257748	80.62257748	167.6305461	110	170	151.3274595	108.1665383	141.4213562	156.2049935	114.0175425	107.7032961	80.62257748	41.23105626	70.71067812	98.99494937	120.4159458	78.10249676	80	41.23105626	134.5362405	192.3538406	94.33981132	122.0655562	78.10249676	219.544984	70.71067812	30	101.9803903	72.11102551	138.9244399	40	98.99494937	85.44003745	85.44003745	155.241747	80.62257748	70	150	152.9705854	28.28427125	174.9285568	107.7032961	80.62257748	122.0655562	64.03124237	155.5634919	108.1665383	177.2004515	86.02325267	170	117.0469991	136.0147051	100.4987562	200.9975124	107.7032961	58.30951895	92.19544457	98.48857802	64.03124237	14.14213562	164.924225	114.0175425	158.113883	92.19544457	171.1724277	138.9244399	178.8854382	193.1320792	136.0147051	147.6482306	22.36067977	139.2838828	162.788206
7	14.14213562	94.33981132	170.2938637	170.8800749	144.222051	58.30951895	0	92.19544457	127.2792206	10	104.4030651	130	144.222051	50.99019514	142.126704	134.1640786	104.4030651	192.0937271	100.4987562	104.4030651	128.0624847	111.8033989	41.23105626	56.56854249	100.4987562	161.5549442	70.71067812	134.5362405	22.36067977	130	162.788206	123.6931688	123.6931688	143.1782106	198.4943324	174.9285568	107.7032961	130.3840481	72.80109889	92.19544457	116.6190379	44.72135955	174.642492	104.4030651	70.71067812	41.23105626	80.62257748	178.8854382	131.5294644	138.9244399	80.62257748	226.27417	121.6552506	85.44003745	98.99494937	31.6227766	197.2308292	31.6227766	126.4911064	130	111.8033989	120.4159458	120.4159458	123.6931688	155.241747	121.6552506	31.6227766	184.3908891	158.113883	98.48857802	180.2775638	22.36067977	178.8854382	120.4159458	172.0465053	100	176.9180601	160.3121954	167.6305461	136.0147051	183.8477631	150.3329638	28.28427125	123.6931688	140.3566885	80.62257748	44.72135955	130.3840481	172.0465053	120	123.6931688	143.1782106	150	183.8477631	151.3274595	85.44003745	156.2049935	78.10249676	141.4213562	131.5294644
8	94.33981132	14.14213562	180.2775638	150	60.8276253	92.19544457	92.19544457	0	36.05551275	84.85281374	56.56854249	50.99019514	53.85164807	125.2996409	155.241747	50	164.924225	102.9563014	89.4427191	188.6796226	160.3121954	56.56854249	63.2455532	36.05551275	76.15773106	210.2379604	60.8276253	161.245155	102.9563014	98.99494937	127.2792206	116.6190379	72.11102551	76.15773106	206.1552813	85.44003745	194.1648784	199.2485885	158.113883	82.46211251	160.3121954	92.19544457	141.4213562	42.42640687	22.36067977	116.6190379	110.4536102	100.4987562	72.11102551	50.99019514	161.245155	134.5362405	94.33981132	90.55385138	10	67.08203932	188.6796226	108.1665383	53.85164807	84.85281374	177.2004515	84.85281374	70.71067812	102.9563014	237.0653918	78.10249676	80.62257748	92.19544457	191.0497317	28.28427125	178.8854382	72.11102551	92.19544457	196.977156	85.44003745	174.642492	84.85281374	102.9563014	90.55385138	192.3538406	110	94.33981132	64.03124237	58.30951895	86.02325267	152.3154621	85.44003745	92.19544457	174.642492	92.19544457	184.3908891	89.4427191	58.30951895	92.19544457	127.2792206	101.9803903	64.03124237	110.4536102	50	86.02325267
9	128.0624847	41.23105626	203.9607805	165.5294536	31.6227766	126.4911064	127.2792206	36.05551275	0	120.4159458	60.8276253	50	31.6227766	161.245155	181.1077028	42.42640687	199.2485885	67.08203932	100.4987562	224.7220505	190.2629759	72.80109889	94.33981132	70.71067812	100.4987562	241.8677324	82.46211251	190	136.0147051	98.48857802	138.9244399	123.6931688	67.08203932	78.10249676	228.035085	60	230.2172887	234.0939982	194.1648784	110	192.3538406	120.8304597	152.6433752	60.8276253	56.56854249	152.6433752	131.5294644	70.71067812	80.62257748	36.05551275	197.2308292	98.99494937	114.0175425	120.4159458	28.28427125	100	206.1552813	144.222051	58.30951895	98.48857802	211.896201	85.44003745	85.44003745	123.6931688	272.9468813	76.15773106	116.6190379	58.30951895	220	50	199.2485885	106.3014581	70.71067812	232.594067	50.99019514	210.2379604	50	106.3014581	80.62257748	225.6102835	82.46211251	100	98.99494937	67.08203932	94.33981132	187.8829423	120.8304597	89.4427191	196.468827	94.86832981	218.4032967	78.10249676	30	56.56854249	125.2996409	120.4159458	31.6227766	143.1782106	14.14213562	80.62257748
10	22.36067977	86.02325267	162.788206	161.5549442	138.9244399	50	10	84.85281374	120.4159458	0	101.9803903	120.8304597	136.0147051	50	134.5362405	125.2996409	101.9803903	186.0107524	101.9803903	107.7032961	122.0655562	101.9803903	40	50	90.55385138	158.113883	70	128.0624847	31.6227766	130.3840481	152.9705854	126.4911064	121.6552506	133.4166406	191.0497317	166.4331698	111.8033989	130	76.15773106	82.46211251	111.8033989	50	164.924225	94.86832981	64.03124237	40	86.02325267	174.642492	121.6552506	130.3840481	82.46211251	219.317122	111.8033989	76.15773106	92.19544457	30	188.6796226	30	117.0469991	120	110.4536102	120	110.4536102	114.0175425	158.113883	120.4159458	22.36067977	176.9180601	152.6433752	89.4427191	172.0465053	20	170	121.6552506	166.4331698	100.4987562	169.7056275	150.3329638	158.113883	133.4166406	180.2775638	140.3566885	22.36067977	114.0175425	130.3840481	80	36.05551275	130	164.0121947	120.4159458	121.6552506	141.4213562	142.126704	176.9180601	152.9705854	89.4427191	148.6606875	70.71067812	134.5362405	130.3840481
11	98.48857802	70.71067812	232.594067	206.1552813	53.85164807	131.5294644	104.4030651	56.56854249	60.8276253	101.9803903	0	102.9563014	92.19544457	151.3274595	206.1552813	98.48857802	200	102.9563014	40	208.8061302	206.1552813	113.137085	63.2455532	60.8276253	130.3840481	251.7935662	36.05551275	208.8061302	102.9563014	42.42640687	183.8477631	63.2455532	20	130.3840481	259.4224354	120.4159458	211.896201	230.8679276	177.2004515	134.1640786	202.2374842	78.10249676	197.9898987	98.99494937	53.85164807	141.4213562	76.15773106	78.10249676	128.0624847	94.86832981	184.3908891	143.1782106	150	139.2838828	50	72.80109889	244.1311123	131.5294644	108.1665383	141.4213562	210.2379604	28.28427125	127.2792206	158.113883	259.6150997	22.36067977	110	111.8033989	237.6972865	84.85281374	233.2380758	82.46211251	131.5294644	223.6067977	80.62257748	202.2374842	101.9803903	158.113883	139.2838828	230.2172887	80.62257748	150	80.62257748	114.0175425	142.126704	181.1077028	120.4159458	36.05551275	228.2542442	36.05551275	220	40	90.55385138	104.4030651	70.71067812	63.2455532	90	152.9705854	70	31.6227766
12	136.0147051	40	160.3121954	117.0469991	80.62257748	106.3014581	130	50.99019514	50	120.8304597	102.9563014	0	30	148.6606875	140.3566885	10	174.9285568	100	139.2838828	212.1320344	155.241747	31.6227766	110.4536102	80.62257748	63.2455532	208.8061302	111.8033989	152.9705854	145.6021978	144.222051	89.4427191	165.5294536	114.0175425	28.28427125	182.4828759	50	219.317122	210.9502311	184.3908891	76.15773106	161.5549442	140.3566885	102.9563014	28.28427125	70	142.126704	161.245155	117.0469991	31.6227766	20	183.8477631	117.0469991	70	89.4427191	53.85164807	111.8033989	158.113883	136.0147051	10	50.99019514	188.6796226	130.3840481	40	80	256.1249695	122.0655562	108.1665383	72.80109889	182.4828759	31.6227766	152.9705854	114.0175425	50	214.0093456	92.19544457	192.0937271	70.71067812	56.56854249	40	196.977156	130	50	104.4030651	20	44.72135955	170.2938637	106.3014581	136.0147051	151.3274595	138.9244399	192.3538406	127.2792206	40	80.62257748	172.0465053	152.9705854	50	116.6190379	53.85164807	128.0624847
13	147.6482306	50	190.2629759	145.6021978	56.56854249	130.3840481	144.222051	53.85164807	31.6227766	136.0147051	92.19544457	30	0	170.2938637	170.2938637	20	201.246118	70	131.5294644	234.3074903	184.3908891	60.8276253	117.0469991	89.4427191	92.19544457	237.6972865	110.4536102	182.4828759	156.5247584	130	117.0469991	155.241747	98.48857802	53.85164807	212.1320344	31.6227766	240.8318916	237.0653918	205.1828453	104.4030651	189.7366596	145.6021978	130	53.85164807	76.15773106	162.788206	160.3121954	89.4427191	60.8276253	10	206.1552813	89.4427191	100	117.0469991	50.99019514	120.8304597	186.8154169	155.5634919	40	80.62257748	214.7091055	117.0469991	70	110	280.1785145	107.7032961	127.2792206	44.72135955	212.1320344	50	182.4828759	125.2996409	40	238.5372088	63.2455532	216.3330765	41.23105626	80.62257748	50	224.7220505	102.9563014	76.15773106	116.6190379	50	72.80109889	194.1648784	128.0624847	120.8304597	181.1077028	126.4911064	219.317122	108.1665383	10	50.99019514	156.5247584	150	20	143.1782106	28.28427125	111.8033989
14	63.2455532	122.0655562	134.1640786	150.3329638	183.8477631	44.72135955	50.99019514	125.2996409	161.245155	50	151.3274595	148.6606875	170.2938637	0	107.7032961	155.5634919	53.85164807	228.2542442	151.3274595	64.03124237	86.02325267	122.0655562	90	94.86832981	98.48857802	111.8033989	120	94.33981132	67.08203932	180.2775638	151.3274595	174.642492	171.1724277	152.6433752	161.245155	197.9898987	70.71067812	80	36.05551275	85.44003745	70.71067812	94.86832981	160.3121954	120.4159458	107.7032961	10	130	221.3594362	138.9244399	162.788206	36.05551275	258.069758	114.0175425	72.80109889	134.1640786	80	167.6305461	20	142.126704	130	60.8276253	170	125.2996409	111.8033989	111.8033989	170.2938637	44.72135955	214.0093456	113.137085	120.4159458	148.6606875	70	198.4943324	72.80109889	210.2379604	50.99019514	208.0865205	161.5549442	180.2775638	85.44003745	228.035085	152.3154621	70.71067812	136.0147051	143.1782106	30	42.42640687	180	139.2838828	170.2938637	72.80109889	191.0497317	178.0449381	216.3330765	202.2374842	136.0147051	186.0107524	50	174.9285568	180.2775638
15	156.2049935	143.1782106	28.28427125	58.30951895	212.1320344	84.85281374	142.126704	155.241747	181.1077028	134.5362405	206.1552813	140.3566885	170.2938637	107.7032961	0	150.3329638	80.62257748	240.208243	224.7220505	140.3566885	31.6227766	110	164.0121947	147.6482306	80.62257748	78.10249676	188.6796226	22.36067977	164.0121947	245.9674775	78.10249676	252.3885893	224.7220505	123.6931688	56.56854249	184.3908891	150.3329638	107.7032961	131.5294644	72.80109889	50.99019514	183.8477631	78.10249676	120.4159458	152.3154621	111.8033989	219.317122	251.7935662	111.8033989	160.3121954	120.4159458	254.9509757	70.71067812	67.08203932	164.924225	156.2049935	60.8276253	116.6190379	130.3840481	92.19544457	92.19544457	232.594067	100.4987562	60.8276253	161.5549442	228.4731932	113.137085	212.1320344	44.72135955	131.5294644	41.23105626	148.6606875	177.2004515	123.6931688	230.2172887	110.4536102	210.9502311	111.8033989	148.6606875	80.62257748	263.0589288	107.7032961	142.126704	120.4159458	104.4030651	100.4987562	98.99494937	241.6609195	31.6227766	237.0653918	85.44003745	243.5159132	180.2775638	220.9072203	272.9468813	220.2271555	190.2629759	64.03124237	190.2629759	237.6972865
16	139.2838828	41.23105626	170.2938637	126.4911064	72.11102551	114.0175425	134.1640786	50	42.42640687	125.2996409	98.48857802	10	20	155.5634919	150.3329638	0	183.5755975	90	136.0147051	219.317122	164.924225	41.23105626	111.8033989	82.46211251	72.80109889	218.4032967	110.4536102	162.788206	148.6606875	138.9244399	98.48857802	161.5549442	108.1665383	36.05551275	192.3538406	42.42640687	226.27417	219.544984	191.0497317	85.44003745	170.8800749	141.4213562	111.8033989	36.05551275	70.71067812	148.6606875	160.3121954	107.7032961	41.23105626	10	191.0497317	107.7032961	80	98.48857802	50.99019514	114.0175425	167.6305461	142.126704	20	60.8276253	197.2308292	125.2996409	50	90	264.0075756	116.6190379	114.0175425	63.2455532	192.3538406	36.05551275	162.788206	117.0469991	44.72135955	222.0360331	82.46211251	200	60.8276253	64.03124237	41.23105626	206.1552813	120.8304597	58.30951895	107.7032961	30	53.85164807	178.0449381	113.137085	130.3840481	161.245155	134.1640786	201.246118	120.4159458	30	70.71067812	166.4331698	151.3274595	40	125.2996409	44.72135955	122.0655562
17	117.0469991	158.113883	100.4987562	136.0147051	225.6102835	72.80109889	104.4030651	164.924225	199.2485885	101.9803903	200	174.9285568	201.246118	53.85164807	80.62257748	183.5755975	0	265.7066051	203.9607805	60	50	144.222051	141.4213562	140.3566885	114.0175425	58.30951895	171.1724277	60	120.8304597	231.9482701	147.6482306	228.035085	220	170.2938637	123.6931688	224.7220505	70	36.05551275	58.30951895	100	30	148.6606875	152.3154621	147.6482306	151.3274595	63.2455532	183.8477631	264.7640459	156.2049935	192.3538406	44.72135955	290.6888371	120.4159458	86.02325267	174.642492	131.5294644	140	72.80109889	166.4331698	141.4213562	14.14213562	220.9072203	142.126704	114.0175425	86.02325267	220.2271555	90	245.9674775	67.08203932	152.3154621	120	121.6552506	222.0360331	44.72135955	250	30	241.6609195	170.2938637	198.4943324	31.6227766	272.9468813	162.788206	120.4159458	158.113883	155.5634919	28.28427125	80.62257748	230.8679276	110	222.0360331	20	240	210.2379604	250.7987241	254.9509757	189.7366596	219.317122	58.30951895	211.896201	230.2172887
18	191.0497317	107.7032961	260.1922366	213.7755833	50	193.1320792	192.0937271	102.9563014	67.08203932	186.0107524	102.9563014	100	70	228.2542442	240.208243	90	265.7066051	0	139.2838828	291.5475947	253.179778	130.3840481	155.5634919	136.0147051	161.245155	305.9411708	136.0147051	251.7935662	197.9898987	121.6552506	184.3908891	152.9705854	94.86832981	121.6552506	281.6025568	67.08203932	296.8164416	300.8321791	260.7680962	172.626765	257.0992026	178.0449381	196.468827	121.6552506	122.0655562	219.544984	178.8854382	41.23105626	130.3840481	80	264.1968963	41.23105626	170	184.3908891	94.33981132	162.788206	254.9509757	210.9502311	110	150.3329638	278.5677655	114.0175425	140	180	340	104.4030651	183.5755975	36.05551275	281.6025568	114.0175425	251.7935662	170.2938637	80.62257748	299.6664813	22.36067977	277.3084925	31.6227766	145.6021978	107.7032961	291.2043956	53.85164807	143.1782106	164.0121947	120	141.4213562	254.9509757	187.8829423	111.8033989	250.7987241	123.6931688	284.6049894	90.55385138	60	22.36067977	140	165.5294536	50	208.8061302	53.85164807	101.9803903
19	90	102.9563014	252.3885893	233.4523506	92.19544457	143.1782106	100.4987562	89.4427191	100.4987562	101.9803903	40	139.2838828	131.5294644	151.3274595	224.7220505	136.0147051	203.9607805	139.2838828	0	200.9975124	219.317122	144.222051	63.2455532	78.10249676	155.5634919	259.6150997	36.05551275	223.6067977	90.55385138	31.6227766	214.0093456	28.28427125	44.72135955	165.5294536	280.1785145	160.3121954	202.2374842	230.8679276	170.2938637	156.2049935	211.896201	60.8276253	228.035085	130.3840481	78.10249676	141.4213562	42.42640687	108.1665383	161.245155	133.4166406	180	180.2775638	176.9180601	158.113883	85.44003745	72.80109889	269.0724809	131.5294644	143.1782106	172.0465053	212.1320344	28.28427125	158.113883	183.8477631	251.7935662	36.05551275	117.0469991	151.3274595	250.7987241	116.6190379	256.1249695	82.46211251	171.1724277	220	117.0469991	200.2498439	141.4213562	192.3538406	177.2004515	235.3720459	106.3014581	183.5755975	85.44003745	147.6482306	174.9285568	181.1077028	130	36.05551275	250	22.36067977	223.6067977	56.56854249	130.3840481	143.1782106	50.99019514	28.28427125	130	165.5294536	110	42.42640687
20	111.8033989	186.0107524	160.3121954	194.1648784	245.9674775	106.3014581	104.4030651	188.6796226	224.7220505	107.7032961	208.8061302	212.1320344	234.3074903	64.03124237	140.3566885	219.317122	60	291.5475947	200.9975124	0	110	184.3908891	145.6021978	156.5247584	158.113883	102.9563014	174.642492	120	110.4536102	231.9482701	202.4845673	220	228.035085	214.0093456	182.4828759	261.7250466	10	50	31.6227766	144.222051	90	140.3566885	208.8061302	183.8477631	170	72.11102551	170.2938637	282.3118843	200	226.715681	28.28427125	322.0248438	170	130.3840481	197.2308292	136.0147051	200	80.62257748	205.1828453	188.6796226	50.99019514	223.6067977	186.0107524	165.5294536	50.99019514	225.6102835	108.1665383	278.0287755	123.6931688	184.3908891	180	126.4911064	261.7250466	28.28427125	272.9468813	30	272.0294102	219.544984	242.0743687	76.15773106	287.923601	210.9502311	130	198.4943324	202.4845673	44.72135955	106.3014581	233.4523506	170	222.0360331	63.2455532	247.3863375	242.0743687	280.1785145	250.1999201	180	250	102.9563014	238.5372088	235.3720459
21	142.126704	150	50.99019514	89.4427191	220	76.15773106	128.0624847	160.3121954	190.2629759	122.0655562	206.1552813	155.241747	184.3908891	86.02325267	31.6227766	164.924225	50	253.179778	219.317122	110	0	123.6931688	156.5247584	145.6021978	92.19544457	53.85164807	183.8477631	10	148.6606875	243.5159132	106.3014581	245.9674775	225.6102835	143.1782106	76.15773106	202.4845673	120	76.15773106	104.4030651	80.62257748	20	172.0465053	108.1665383	131.5294644	152.9705854	92.19544457	208.0865205	260	130	174.642492	92.19544457	272.0294102	89.4427191	70	170.2938637	147.6482306	90	98.99494937	145.6021978	111.8033989	60.8276253	230.8679276	117.0469991	80.62257748	130	228.035085	102.9563014	228.035085	31.6227766	140.3566885	70	138.9244399	196.977156	92.19544457	240.8318916	80	225.6102835	136.0147051	170	50	270.1851217	130.3840481	134.1640786	136.0147051	125.2996409	72.80109889	89.4427191	240.4163056	60	234.0939982	53.85164807	245.1530134	194.1648784	235.3720459	269.2582404	210.9502311	203.9607805	53.85164807	200.9975124	237.6972865
22	120.4159458	42.42640687	131.5294644	94.33981132	104.4030651	78.10249676	111.8033989	56.56854249	72.80109889	101.9803903	113.137085	31.6227766	60.8276253	122.0655562	110	41.23105626	144.222051	130.3840481	144.222051	184.3908891	123.6931688	0	101.9803903	72.80109889	31.6227766	177.2004515	111.8033989	121.6552506	130.3840481	155.5634919	70.71067812	172.0465053	128.0624847	31.6227766	155.241747	80.62257748	192.0937271	180.2775638	158.113883	44.72135955	130	131.5294644	84.85281374	14.14213562	67.08203932	116.6190379	158.113883	143.1782106	20	50.99019514	156.2049935	148.6606875	41.23105626	58.30951895	64.03124237	100.4987562	134.1640786	111.8033989	22.36067977	28.28427125	158.113883	141.4213562	14.14213562	50.99019514	226.715681	134.5362405	85.44003745	104.4030651	151.3274595	28.28427125	126.4911064	100	78.10249676	184.3908891	120.4159458	162.788206	101.9803903	50.99019514	58.30951895	165.5294536	155.241747	41.23105626	90	14.14213562	31.6227766	141.4213562	80.62257748	148.6606875	123.6931688	148.6606875	161.245155	144.222051	70.71067812	111.8033989	183.8477631	152.3154621	80.62257748	86.02325267	80.62257748	142.126704
23	36.05551275	70.71067812	192.0937271	180.2775638	106.3014581	80.62257748	41.23105626	63.2455532	94.33981132	40	63.2455532	110.4536102	117.0469991	90	164.0121947	111.8033989	141.4213562	155.5634919	63.2455532	145.6021978	156.5247584	101.9803903	0	30	102.9563014	196.468827	30	161.245155	42.42640687	90.55385138	165.5294536	89.4427191	82.46211251	130.3840481	220.2271555	148.6606875	148.6606875	170	114.0175425	100	148.6606875	30	178.8854382	90.55385138	41.23105626	80	58.30951895	138.9244399	121.6552506	114.0175425	121.6552506	192.0937271	125.2996409	98.99494937	67.08203932	10	212.6029163	70	110	126.4911064	150.3329638	80	114.0175425	130.3840481	196.468827	80.62257748	53.85164807	152.6433752	187.8829423	80	197.9898987	20	155.241747	161.245155	134.5362405	140.3566885	144.222051	152.9705854	150.3329638	172.626765	143.1782106	143.1782106	22.36067977	110.4536102	133.4166406	120	67.08203932	90	191.0497317	80.62257748	161.245155	101.9803903	120.8304597	150	114.0175425	56.56854249	125.2996409	102.9563014	108.1665383	90.55385138
24	58.30951895	41.23105626	174.9285568	156.2049935	89.4427191	70.71067812	56.56854249	36.05551275	70.71067812	50	60.8276253	80.62257748	89.4427191	94.86832981	147.6482306	82.46211251	140.3566885	136.0147051	78.10249676	156.5247584	145.6021978	72.80109889	30	0	78.10249676	191.0497317	42.42640687	148.6606875	67.08203932	98.48857802	138.9244399	106.3014581	80.62257748	100.4987562	202.4845673	120.8304597	161.245155	172.626765	125.2996409	78.10249676	141.4213562	60	152.6433752	60.8276253	14.14213562	85.44003745	85.44003745	126.4911064	92.19544457	85.44003745	130	169.7056275	100	80.62257748	42.42640687	31.6227766	191.0497317	76.15773106	80	98.48857802	151.3274595	85.44003745	85.44003745	106.3014581	206.1552813	82.46211251	50.99019514	128.0624847	177.2004515	50	178.0449381	36.05551275	126.4911064	167.6305461	116.6190379	145.6021978	120.4159458	123.6931688	120.4159458	170	133.4166406	114.0175425	28.28427125	80.62257748	104.4030651	123.6931688	60	94.86832981	172.0465053	89.4427191	160.3121954	100.4987562	94.33981132	127.2792206	125.2996409	80.62257748	100	92.19544457	84.85281374	92.19544457
25	111.8033989	63.2455532	104.4030651	78.10249676	131.5294644	53.85164807	100.4987562	76.15773106	100.4987562	90.55385138	130.3840481	63.2455532	92.19544457	98.48857802	80.62257748	72.80109889	114.0175425	161.245155	155.5634919	158.113883	92.19544457	31.6227766	102.9563014	78.10249676	0	145.6021978	120.4159458	90.55385138	121.6552506	172.0465053	63.2455532	183.8477631	147.6482306	56.56854249	130	111.8033989	166.4331698	150	134.1640786	14.14213562	98.48857802	130	76.15773106	40	78.10249676	94.86832981	161.245155	171.1724277	42.42640687	82.46211251	130.3840481	180.2775638	22.36067977	28.28427125	85.44003745	98.48857802	114.0175425	92.19544457	53.85164807	31.6227766	128.0624847	158.113883	28.28427125	28.28427125	197.9898987	152.6433752	70	136.0147051	120.4159458	50.99019514	102.9563014	94.86832981	108.1665383	155.5634919	150	134.5362405	133.4166406	63.2455532	84.85281374	134.1640786	182.4828759	53.85164807	85.44003745	44.72135955	44.72135955	114.0175425	60.8276253	166.4331698	98.48857802	164.0121947	130.3840481	165.5294536	101.9803903	143.1782106	200	158.113883	111.8033989	56.56854249	110	161.245155
26	174.642492	200.9975124	80.62257748	134.5362405	270.7397274	120.4159458	161.5549442	210.2379604	241.8677324	158.113883	251.7935662	208.8061302	237.6972865	111.8033989	78.10249676	218.4032967	58.30951895	305.9411708	259.6150997	102.9563014	53.85164807	177.2004515	196.468827	191.0497317	145.6021978	0	225.6102835	58.30951895	178.8854382	286.3564213	156.2049935	284.6049894	271.6615541	196.977156	92.19544457	256.3201124	111.8033989	53.85164807	113.137085	133.4166406	50	206.1552813	155.5634919	184.3908891	200.2498439	120.8304597	241.6609195	310.6444913	183.8477631	228.035085	98.99494937	325.7299495	143.1782106	121.6552506	220.2271555	186.8154169	120.8304597	130	199.2485885	165.5294536	56.56854249	274.5906044	170.8800749	134.1640786	100	272.9468813	143.1782106	281.6025568	36.05551275	192.3538406	102.9563014	177.2004515	250.7987241	76.15773106	292.7456234	78.10249676	278.9265136	188.6796226	223.6067977	28.28427125	320.1562119	183.5755975	174.642492	189.7366596	178.8854382	86.02325267	131.5294644	284.4292531	94.33981132	276.5863337	42.42640687	291.5475947	247.3863375	288.6173938	310.4834939	246.9817807	257.0992026	100	253.179778	282.8427125
27	63.2455532	72.80109889	216.3330765	198.4943324	86.02325267	107.7032961	70.71067812	60.8276253	82.46211251	70	36.05551275	111.8033989	110.4536102	120	188.6796226	110.4536102	171.1724277	136.0147051	36.05551275	174.642492	183.8477631	111.8033989	30	42.42640687	120.4159458	225.6102835	0	187.8829423	67.08203932	60.8276253	180.2775638	64.03124237	53.85164807	136.0147051	244.1311123	141.4213562	177.2004515	200	143.1782106	120.4159458	177.2004515	42.42640687	194.1648784	98.48857802	44.72135955	110	50	114.0175425	130	110	151.3274595	174.9285568	142.126704	122.0655562	60	40	233.4523506	100	114.0175425	138.9244399	180.2775638	50	125.2996409	148.6606875	225.6102835	50.99019514	82.46211251	139.2838828	215.4065923	85.44003745	220.2271555	50	150.3329638	191.0497317	114.0175425	170.2938637	130	161.5549442	151.3274595	202.2374842	116.6190379	152.3154621	50.99019514	117.0469991	143.1782106	150	94.86832981	60	214.0093456	50.99019514	191.0497317	72.80109889	111.8033989	134.1640786	85.44003745	41.23105626	114.0175425	130	94.86832981	60.8276253
28	148.6606875	150.3329638	41.23105626	80.62257748	220.2271555	80.62257748	134.5362405	161.245155	190	128.0624847	208.8061302	152.9705854	182.4828759	94.33981132	22.36067977	162.788206	60	251.7935662	223.6067977	120	10	121.6552506	161.245155	148.6606875	90.55385138	58.30951895	187.8829423	0	155.5634919	246.9817807	98.99494937	250.5992817	228.035085	139.2838828	67.08203932	199.2485885	130	85.44003745	114.0175425	80	30	178.0449381	100	130.3840481	155.241747	100	214.0093456	260.1922366	126.4911064	172.626765	101.9803903	269.2582404	85.44003745	70.71067812	171.1724277	152.6433752	80	106.3014581	143.1782106	107.7032961	70.71067812	234.0939982	114.0175425	76.15773106	139.2838828	230.8679276	108.1665383	225.6102835	30	140	60	144.222051	193.1320792	101.9803903	240.208243	90	223.6067977	130.3840481	165.5294536	58.30951895	270.7397274	125.2996409	138.9244399	133.4166406	120.8304597	82.46211251	94.33981132	243.5159132	50	237.6972865	63.2455532	247.3863375	192.3538406	233.4523506	273.1300057	216.3330765	202.2374842	58.30951895	200.2498439	240.4163056
29	10	107.7032961	192.0937271	193.1320792	148.6606875	80.62257748	22.36067977	102.9563014	136.0147051	31.6227766	102.9563014	145.6021978	156.5247584	67.08203932	164.0121947	148.6606875	120.8304597	197.9898987	90.55385138	110.4536102	148.6606875	130.3840481	42.42640687	67.08203932	121.6552506	178.8854382	67.08203932	155.5634919	0	121.6552506	184.3908891	110.4536102	120.8304597	161.245155	220.2271555	187.8829423	111.8033989	143.1782106	80	114.0175425	136.0147051	30	196.468827	121.6552506	80.62257748	58.30951895	63.2455532	180.2775638	150.3329638	152.3154621	90.55385138	234.3074903	143.1782106	107.7032961	108.1665383	36.05551275	219.544984	50	143.1782106	150.3329638	126.4911064	114.0175425	140	145.6021978	161.245155	117.0469991	53.85164807	194.1648784	178.0449381	114.0175425	202.4845673	31.6227766	193.1320792	130.3840481	176.9180601	111.8033989	186.0107524	180	184.3908891	152.3154621	183.5755975	170	41.23105626	141.4213562	160	94.86832981	67.08203932	123.6931688	194.1648784	111.8033989	139.2838828	139.2838828	161.245155	192.0937271	140	70.71067812	166.4331698	100	150	126.4911064
30	120.4159458	113.137085	272.9468813	248.394847	80.62257748	167.6305461	130	98.99494937	98.48857802	130.3840481	42.42640687	144.222051	130	180.2775638	245.9674775	138.9244399	231.9482701	121.6552506	31.6227766	231.9482701	243.5159132	155.5634919	90.55385138	98.48857802	172.0465053	286.3564213	60.8276253	246.9817807	121.6552506	0	226.27417	31.6227766	31.6227766	172.0465053	300.1666204	155.241747	233.4523506	260.1922366	200.9975124	174.9285568	237.6972865	92.19544457	240.4163056	141.4213562	94.33981132	170.2938637	72.11102551	85.44003745	170.2938637	134.1640786	210.2379604	162.788206	192.0937271	178.8854382	92.19544457	100.4987562	286.0069929	160.3121954	150	183.8477631	240.8318916	14.14213562	169.7056275	200	282.8427125	22.36067977	143.1782106	140.3566885	275.1363298	127.2792206	274.5906044	110.4536102	167.6305461	250.1999201	100.4987562	230	130.3840481	200	178.8854382	263.0589288	80.62257748	192.0937271	111.8033989	156.2049935	184.3908891	210.2379604	155.241747	10	269.2582404	10	251.7935662	31.6227766	126.4911064	130	28.28427125	58.30951895	123.6931688	189.7366596	104.4030651	20
