param n=10;
param m=4;
param K = 2;
param Q = 60;
param L =10;
param HC:=
1 213.301
2 165.277
3 183.593
4 202.31;

param o:
	1	2	3	4	5	6	7	8	9	10:=
1	36.05551275	40	60.8276253	82.46211251	101.9803903	152.9705854	139.2838828	63.2455532	235.3720459	22.36067977
2	44.72135955	108.1665383	126.4911064	50	174.642492	210.9502311	190	117.0469991	306.757233	86.02325267
3	84.85281374	136.0147051	82.46211251	60.8276253	125.2996409	125.2996409	98.48857802	161.5549442	236.0084744	120.8304597
4	10	63.2455532	80.62257748	60	126.4911064	170.2938637	152.9705854	80	259.6150997	41.23105626;

param cost:
	1	2	3	4	5	6	7	8	9	10:=
1	0	72.80109889	82.46211251	50	130	170	151.3274595	90	262.488095	50.99019514
2	72.80109889	0	78.10249676	121.6552506	101.9803903	165.5294536	158.113883	28.28427125	230.2172887	22.36067977
3	82.46211251	78.10249676	0	106.3014581	50	92.19544457	80.62257748	106.3014581	180.2775638	76.15773106
4	50	121.6552506	106.3014581	0	156.2049935	177.2004515	152.9705854	140	281.7800561	100.4987562
5	130	101.9803903	50	156.2049935	0	70.71067812	76.15773106	126.4911064	133.4166406	110
6	170	165.5294536	92.19544457	177.2004515	70.71067812	0	28.28427125	192.3538406	113.137085	167.6305461
7	151.3274595	158.113883	80.62257748	152.9705854	76.15773106	28.28427125	0	186.0107524	141.4213562	156.5247584
8	90	28.28427125	106.3014581	140	126.4911064	192.3538406	186.0107524	0	250.1999201	41.23105626
9	262.488095	230.2172887	180.2775638	281.7800561	133.4166406	113.137085	141.4213562	250.1999201	0	241.8677324
10	50.99019514	22.36067977	76.15773106	100.4987562	110	167.6305461	156.5247584	41.23105626	241.8677324	0;

param d:=
1	8
2	1
3	1
4	1
5	1
6	2
7	2
8	8
9	12
10	8;
param puntos:= 5; 

param cotas: 
 	 1 	 2:= 

1	1418.415879	541.4123434
2	1491.127591	538.9122353
3	1578.293163	530.0418588
4	1639.773781	506.8861762
5	1695.899764	497.5575913
; 
