param n=50;
param m=6;
param K = 8;
param Q = 60;
param L =27;
param HC:= 
1 239.641
2 236.846
3 234.907
4 219.691
5 181.586
6 260.433;

param o:
	1	2	3	4	5	6	7	8	9	10	11	12	13	14	15	16	17	18	19	20	21	22	23	24	25	26	27	28	29	30	31	32	33	34	35	36	37	38	39	40	41	42	43	44	45	46	47	48	49	50:=
1	174.9285568	98.48857802	44.72135955	130	85.44003745	36.05551275	42.42640687	130	160.3121954	197.9898987	171.1724277	10	50	20	107.7032961	40	214.0093456	220.2271555	110	200	42.42640687	100	180.2775638	158.113883	120.8304597	110	221.3594362	160.3121954	200	100	130.3840481	186.0107524	78.10249676	100	150	151.3274595	143.1782106	198.4943324	225.6102835	171.1724277	244.1311123	41.23105626	226.715681	160.3121954	111.8033989	210	50.99019514	78.10249676	36.05551275	133.4166406
2	247.3863375	272.9468813	139.2838828	143.1782106	259.4224354	210.9502311	169.7056275	92.19544457	100.4987562	50.99019514	72.80109889	183.5755975	155.241747	192.3538406	70.71067812	142.126704	44.72135955	53.85164807	98.48857802	102.9563014	134.1640786	265.7066051	85.44003745	208.8061302	145.6021978	151.3274595	63.2455532	156.5247584	76.15773106	90.55385138	220.9072203	20	202.2374842	102.9563014	90	70	60.8276253	40	156.5247584	111.8033989	70.71067812	206.1552813	63.2455532	80.62257748	131.5294644	108.1665383	128.0624847	166.4331698	208.0865205	184.3908891
3	152.9705854	219.317122	89.4427191	180.2775638	205.1828453	166.4331698	152.9705854	138.9244399	164.0121947	82.46211251	148.6606875	138.9244399	92.19544457	144.222051	89.4427191	121.6552506	110.4536102	111.8033989	130	184.3908891	94.86832981	200	162.788206	114.0175425	177.2004515	60.8276253	158.113883	64.03124237	72.11102551	40	130.3840481	90.55385138	125.2996409	126.4911064	150	134.5362405	120.4159458	90.55385138	233.4523506	178.0449381	141.4213562	174.642492	114.0175425	148.6606875	41.23105626	192.0937271	110.4536102	170	170	90.55385138
4	148.6606875	70.71067812	67.08203932	170.8800749	56.56854249	31.6227766	80.62257748	170.2938637	200.9975124	222.0360331	210.2379604	31.6227766	56.56854249	22.36067977	143.1782106	80.62257748	241.8677324	246.9817807	150.3329638	240.208243	72.80109889	60.8276253	220	140.3566885	161.5549442	107.7032961	257.0992026	158.113883	219.317122	122.0655562	104.4030651	214.7091055	50.99019514	140.3566885	190.2629759	190.2629759	181.1077028	224.7220505	266.8332813	212.1320344	272.9468813	58.30951895	252.3885893	200	116.6190379	250.1999201	90	116.6190379	44.72135955	120.4159458
5	150	40	117.0469991	215.8703314	31.6227766	63.2455532	123.6931688	220	250.1999201	269.2582404	260.7680962	80	102.9563014	70	194.1648784	130	290.6888371	295.2964612	200	290	123.6931688	10	270.1851217	155.241747	206.1552813	142.126704	308.058436	188.6796226	264.0075756	170	111.8033989	264.0075756	72.11102551	190	240	240.8318916	231.9482701	272.9468813	314.0063694	260.7680962	322.0248438	89.4427191	300.1666204	250.1999201	155.5634919	300	140.3566885	158.113883	76.15773106	143.1782106
6	216.3330765	193.1320792	70.71067812	85.44003745	180.2775638	130	84.85281374	50	80.62257748	120.8304597	80.62257748	104.4030651	92.19544457	114.0175425	14.14213562	58.30951895	128.0624847	136.0147051	36.05551275	114.0175425	60	192.3538406	92.19544457	184.3908891	82.46211251	120.4159458	126.4911064	152.6433752	133.4166406	58.30951895	178.8854382	100	143.1782106	31.6227766	67.08203932	60.8276253	50	116.6190379	152.6433752	94.33981132	155.5634919	122.0655562	144.222051	72.80109889	106.3014581	123.6931688	44.72135955	85.44003745	125.2996409	156.2049935;

param cost:
	1	2	3	4	5	6	7	8	9	10	11	12	13	14	15	16	17	18	19	20	21	22	23	24	25	26	27	28	29	30	31	32	33	34	35	36	37	38	39	40	41	42	43	44	45	46	47	48	49	50:=
1	0	190	155.5634919	290	180.2775638	180.2775638	216.3330765	266.2705391	296.8164416	230.2172887	290.6888371	170	134.5362405	165.5294536	219.544984	198.4943324	260.7680962	260.1922366	250	326.4965543	169.7056275	150.3329638	304.1381265	40	282.8427125	98.48857802	310.4834939	100.4987562	210.2379604	165.5294536	44.72135955	243.3105012	98.48857802	242.0743687	283.019434	272.9468813	259.4224354	240.8318916	368.9173349	310.6444913	290.1723626	206.1552813	260	286.5309756	117.0469991	335.4101966	197.9898987	250	193.1320792	63.2455532
2	190	0	136.0147051	210.2379604	14.14213562	63.2455532	120.4159458	223.6067977	251.7935662	292.0616373	266.8332813	89.4427191	127.2792206	80.62257748	206.1552813	136.0147051	310.6444913	316.227766	203.9607805	292.7456234	138.9244399	41.23105626	274.5906044	194.1648784	200.2498439	174.9285568	319.5309062	223.6067977	290	192.0937271	151.3274595	283.019434	107.7032961	194.1648784	243.3105012	247.3863375	240.4163056	294.1088234	310.1612484	260.7680962	341.3209633	80	322.0248438	254.9509757	186.0107524	302.654919	148.6606875	150.3329638	70.71067812	180.2775638
3	155.5634919	136.0147051	0	134.5362405	122.0655562	78.10249676	70.71067812	117.0469991	148.6606875	156.2049935	151.3274595	50	22.36067977	56.56854249	80	44.72135955	174.9285568	180.2775638	98.48857802	184.3908891	14.14213562	126.4911064	162.788206	130.3840481	127.2792206	72.80109889	192.3538406	120.4159458	156.2049935	56.56854249	114.0175425	147.6482306	72.80109889	89.4427191	136.0147051	131.5294644	120.4159458	158.113883	219.317122	161.5549442	205.9126028	85.44003745	186.0107524	143.1782106	70	194.1648784	42.42640687	98.48857802	80.62257748	102.9563014
4	290	210.2379604	134.5362405	0	200.9975124	152.9705854	92.19544457	50.99019514	56.56854249	191.0497317	86.02325267	139.2838828	156.2049935	148.6606875	92.19544457	94.33981132	186.8154169	196.468827	50.99019514	94.33981132	120.4159458	225.6102835	84.85281374	262.488095	10	200	150	237.0653918	210	143.1782106	248.394847	162.788206	202.4845673	53.85164807	58.30951895	76.15773106	82.46211251	182.4828759	100	58.30951895	206.1552813	130.3840481	206.1552813	72.11102551	188.6796226	102.9563014	92.19544457	60	141.4213562	234.3074903
5	180.2775638	14.14213562	122.0655562	200.9975124	0	50.99019514	110	212.1320344	240.8318916	278.0287755	254.9509757	76.15773106	113.137085	67.08203932	193.1320792	123.6931688	296.8164416	302.3243292	192.3538406	281.6025568	125.2996409	36.05551275	263.0589288	182.4828759	191.0497317	161.245155	306.757233	210.2379604	275.8622845	178.0449381	140.3566885	269.2582404	94.86832981	182.4828759	231.9482701	235.3720459	228.035085	280.1785145	300.6659276	250.1999201	327.5667871	70.71067812	308.058436	243.3105012	172.0465053	291.5475947	136.0147051	141.4213562	60	167.6305461
6	180.2775638	63.2455532	78.10249676	152.9705854	50.99019514	0	60.8276253	161.245155	190.2629759	233.4523506	203.9607805	28.28427125	76.15773106	22.36067977	143.1782106	72.80109889	250	256.1249695	141.4213562	230.8679276	78.10249676	72.80109889	212.1320344	171.1724277	143.1782106	133.4166406	256.3201124	184.3908891	234.3074903	134.5362405	136.0147051	222.0360331	82.46211251	131.5294644	181.1077028	184.3908891	177.2004515	234.3074903	251.7935662	200	280.1785145	28.28427125	262.488095	192.3538406	139.2838828	240.8318916	85.44003745	94.86832981	14.14213562	150
7	216.3330765	120.4159458	70.71067812	92.19544457	110	60.8276253	0	104.4030651	131.5294644	202.4845673	148.6606875	50	85.44003745	58.30951895	98.99494937	31.6227766	212.6029163	220.2271555	85.44003745	172.626765	60	133.4166406	155.241747	196.977156	82.46211251	143.1782106	205.9126028	191.0497317	210.2379604	114.0175425	172.0465053	184.3908891	120.4159458	76.15773106	123.6931688	130	125.2996409	200	191.0497317	140.3566885	240.4163056	41.23105626	228.035085	136.0147051	140.3566885	182.4828759	44.72135955	36.05551275	50	170.8800749
8	266.2705391	223.6067977	117.0469991	50.99019514	212.1320344	161.245155	104.4030651	0	31.6227766	140.3566885	44.72135955	140	139.2838828	150	50	90	136.0147051	145.6021978	20	70	104.4030651	230	50.99019514	234.3074903	53.85164807	170.2938637	106.3014581	200	160.3121954	106.3014581	228.2542442	111.8033989	189.7366596	30	20	28.28427125	31.6227766	131.5294644	102.9563014	44.72135955	156.5247584	145.6021978	155.241747	31.6227766	155.5634919	80	80.62257748	86.02325267	152.9705854	206.1552813
9	296.8164416	251.7935662	148.6606875	56.56854249	240.8318916	190.2629759	131.5294644	31.6227766	0	151.3274595	31.6227766	170.2938637	170.8800749	180.2775638	78.10249676	120.4159458	140.3566885	150.3329638	50.99019514	41.23105626	136.0147051	260.1922366	28.28427125	264.0075756	64.03124237	200	94.33981132	226.715681	174.642492	134.5362405	259.4224354	120.4159458	221.3594362	60.8276253	14.14213562	31.6227766	44.72135955	140.3566885	72.11102551	14.14213562	155.241747	172.626765	160.3121954	20	184.3908891	50.99019514	111.8033989	107.7032961	181.1077028	236.0084744
10	230.2172887	292.0616373	156.2049935	191.0497317	278.0287755	233.4523506	202.4845673	140.3566885	151.3274595	0	123.6931688	205.1828453	166.4331698	212.6029163	107.7032961	172.0465053	31.6227766	30	143.1782106	152.3154621	155.5634919	277.8488798	136.0147051	190.2629759	192.3538406	143.1782106	98.99494937	131.5294644	28.28427125	100	212.1320344	31.6227766	206.1552813	145.6021978	140.3566885	120.4159458	110	14.14213562	206.1552813	162.788206	60	234.3074903	31.6227766	131.5294644	123.6931688	156.5247584	158.113883	206.1552813	233.4523506	170.2938637
11	290.6888371	266.8332813	151.3274595	86.02325267	254.9509757	203.9607805	148.6606875	44.72135955	31.6227766	123.6931688	0	181.1077028	172.626765	191.0497317	72.80109889	131.5294644	110	120	63.2455532	36.05551275	140.3566885	270.7397274	14.14213562	255.5386468	92.19544457	192.3538406	64.03124237	212.6029163	148.6606875	125.2996409	256.3201124	92.19544457	223.6067977	72.80109889	28.28427125	20	31.6227766	111.8033989	86.02325267	40	123.6931688	189.7366596	130	14.14213562	174.9285568	44.72135955	120.4159458	130.3840481	196.468827	228.2542442
12	170	89.4427191	50	139.2838828	76.15773106	28.28427125	50	140	170.2938637	205.1828453	181.1077028	0	50.99019514	10	117.0469991	50	222.0360331	228.035085	120	210	50	90	190.2629759	155.241747	130	110.4536102	230.8679276	161.245155	206.1552813	106.3014581	125.2996409	194.1648784	72.11102551	110	160	161.245155	152.9705854	206.1552813	235.3720459	181.1077028	252.3885893	40	234.3074903	170.2938637	114.0175425	220	60.8276253	86.02325267	31.6227766	131.5294644
13	134.5362405	127.2792206	22.36067977	156.2049935	113.137085	76.15773106	85.44003745	139.2838828	170.8800749	166.4331698	172.626765	50.99019514	0	53.85164807	100.4987562	64.03124237	187.8829423	192.3538406	120.8304597	206.1552813	36.05551275	111.8033989	184.3908891	111.8033989	148.6606875	60	210.9502311	110.4536102	162.788206	67.08203932	92.19544457	161.5549442	50.99019514	111.8033989	158.113883	152.9705854	141.4213562	170	241.6609195	183.8477631	219.317122	90.55385138	197.2308292	164.924225	63.2455532	215.8703314	64.03124237	116.6190379	82.46211251	85.44003745
14	165.5294536	80.62257748	56.56854249	148.6606875	67.08203932	22.36067977	58.30951895	150	180.2775638	212.6029163	191.0497317	10	53.85164807	0	126.4911064	60	230.2172887	236.0084744	130	220	58.30951895	80	200.2498439	152.9705854	139.2838828	111.8033989	240.4163056	162.788206	212.6029163	113.137085	120.8304597	202.4845673	67.08203932	120	170	171.1724277	162.788206	214.0093456	245.1530134	191.0497317	260.7680962	41.23105626	242.0743687	180.2775638	117.0469991	230	70.71067812	94.33981132	30	130.3840481
15	219.544984	206.1552813	80	92.19544457	193.1320792	143.1782106	98.99494937	50	78.10249676	107.7032961	72.80109889	117.0469991	100.4987562	126.4911064	0	72.11102551	114.0175425	122.0655562	41.23105626	107.7032961	70.71067812	203.9607805	85.44003745	186.0107524	90.55385138	122.0655562	114.0175425	150	121.6552506	56.56854249	183.8477631	86.02325267	151.3274595	40	64.03124237	53.85164807	41.23105626	102.9563014	150	92.19544457	141.4213562	136.0147051	130.3840481	67.08203932	106.3014581	117.0469991	58.30951895	98.48857802	138.9244399	158.113883
16	198.4943324	136.0147051	44.72135955	94.33981132	123.6931688	72.80109889	31.6227766	90	120.4159458	172.0465053	131.5294644	50	64.03124237	60	72.11102551	0	183.8477631	191.0497317	70	160	31.6227766	140	140.3566885	174.9285568	86.02325267	117.0469991	183.8477631	162.788206	178.8854382	82.46211251	155.5634919	155.5634919	108.1665383	60	110	111.8033989	104.4030651	170.2938637	186.8154169	131.5294644	212.6029163	64.03124237	198.4943324	120.4159458	111.8033989	170	14.14213562	53.85164807	67.08203932	147.6482306
17	260.7680962	310.6444913	174.9285568	186.8154169	296.8164416	250	212.6029163	136.0147051	140.3566885	31.6227766	110	222.0360331	187.8829423	230.2172887	114.0175425	183.8477631	0	10	143.1782106	133.4166406	172.0465053	299.6664813	120.4159458	220.9072203	189.7366596	171.1724277	72.11102551	162.788206	58.30951895	120.8304597	240.8318916	28.28427125	230.8679276	147.6482306	131.5294644	111.8033989	104.4030651	20	186.8154169	150	31.6227766	247.5883681	20	120.4159458	151.3274595	136.0147051	169.7056275	210.9502311	248.394847	200
18	260.1922366	316.227766	180.2775638	196.468827	302.3243292	256.1249695	220.2271555	145.6021978	150.3329638	30	120	228.035085	192.3538406	236.0084744	122.0655562	191.0497317	10	0	152.3154621	143.1782106	178.0449381	304.1381265	130.3840481	220.2271555	199.2485885	172.626765	80.62257748	161.245155	53.85164807	125.2996409	241.8677324	36.05551275	234.0939982	156.5247584	141.4213562	121.6552506	114.0175425	22.36067977	196.468827	160	30	254.5584412	10	130.3840481	152.9705854	145.6021978	176.9180601	219.544984	254.9509757	200.2498439
19	250	203.9607805	98.48857802	50.99019514	192.3538406	141.4213562	85.44003745	20	50.99019514	143.1782106	63.2455532	120	120.8304597	130	41.23105626	70	143.1782106	152.3154621	0	90	85.44003745	210	70.71067812	219.317122	50	155.5634919	122.0655562	188.6796226	160.3121954	94.33981132	210.9502311	117.0469991	170.8800749	10	40	44.72135955	42.42640687	136.0147051	120.8304597	63.2455532	166.4331698	126.4911064	161.5549442	50.99019514	142.126704	100	60.8276253	70.71067812	133.4166406	191.0497317
20	326.4965543	292.7456234	184.3908891	94.33981132	281.6025568	230.8679276	172.626765	70	41.23105626	152.3154621	36.05551275	210	206.1552813	220	107.7032961	160	133.4166406	143.1782106	90	0	172.626765	300	22.36067977	291.5475947	102.9563014	228.2542442	70.71067812	248.394847	178.8854382	161.245155	291.5475947	120.8304597	257.0992026	100	50	53.85164807	67.08203932	139.2838828	53.85164807	36.05551275	140	213.7755833	152.9705854	41.23105626	210.9502311	10	150.3329638	148.6606875	222.0360331	264.1968963
21	169.7056275	138.9244399	14.14213562	120.4159458	125.2996409	78.10249676	60	104.4030651	136.0147051	155.5634919	140.3566885	50	36.05551275	58.30951895	70.71067812	31.6227766	172.0465053	178.0449381	85.44003745	172.626765	0	133.4166406	151.3274595	144.222051	113.137085	85.44003745	184.3908891	131.5294644	158.113883	58.30951895	128.0624847	144.222051	85.44003745	76.15773106	123.6931688	120.4159458	110	156.2049935	206.1552813	148.6606875	202.4845673	80.62257748	184.3908891	131.5294644	80.62257748	182.4828759	28.28427125	85.44003745	78.10249676	116.6190379
22	150.3329638	41.23105626	126.4911064	225.6102835	36.05551275	72.80109889	133.4166406	230	260.1922366	277.8488798	270.7397274	90	111.8033989	80	203.9607805	140	299.6664813	304.1381265	210	300	133.4166406	0	280.1785145	158.113883	215.8703314	148.6606875	317.8049716	194.1648784	272.0294102	178.8854382	114.0175425	273.1300057	78.10249676	200	250	250.7987241	241.8677324	281.7800561	323.8826948	270.7397274	331.0589071	98.48857802	308.8689042	260.1922366	162.788206	310	150.3329638	167.6305461	85.44003745	147.6482306
23	304.1381265	274.5906044	162.788206	84.85281374	263.0589288	212.1320344	155.241747	50.99019514	28.28427125	136.0147051	14.14213562	190.2629759	184.3908891	200.2498439	85.44003745	140.3566885	120.4159458	130.3840481	70.71067812	22.36067977	151.3274595	280.1785145	0	269.2582404	92.19544457	205.9126028	67.08203932	226.715681	161.5549442	138.9244399	269.2582404	104.4030651	235.3720459	80.62257748	31.6227766	31.6227766	44.72135955	123.6931688	72.11102551	31.6227766	131.5294644	196.468827	140.3566885	20	188.6796226	31.6227766	130	134.1640786	203.9607805	241.8677324
24	40	194.1648784	130.3840481	262.488095	182.4828759	171.1724277	196.977156	234.3074903	264.0075756	190.2629759	255.5386468	155.241747	111.8033989	152.9705854	186.0107524	174.9285568	220.9072203	220.2271555	219.317122	291.5475947	144.222051	158.113883	269.2582404	0	256.1249695	64.03124237	272.0294102	60.8276253	170.2938637	130.3840481	44.72135955	203.9607805	90	212.1320344	250	238.5372088	224.7220505	200.9975124	336.0059523	278.0287755	250.1999201	194.1648784	220	252.3885893	80.62257748	300.1666204	172.0465053	228.2542442	182.4828759	28.28427125
25	282.8427125	200.2498439	127.2792206	10	191.0497317	143.1782106	82.46211251	53.85164807	64.03124237	192.3538406	92.19544457	130	148.6606875	139.2838828	90.55385138	86.02325267	189.7366596	199.2485885	50	102.9563014	113.137085	215.8703314	92.19544457	256.1249695	0	194.1648784	156.2049935	232.594067	210.2379604	139.2838828	240.8318916	164.924225	194.1648784	50.99019514	64.03124237	80.62257748	85.44003745	184.3908891	110	67.08203932	210.2379604	120.4159458	208.8061302	78.10249676	183.5755975	111.8033989	84.85281374	50	131.5294644	228.035085
26	98.48857802	174.9285568	72.80109889	200	161.245155	133.4166406	143.1782106	170.2938637	200	143.1782106	192.3538406	110.4536102	60	111.8033989	122.0655562	117.0469991	171.1724277	172.626765	155.5634919	228.2542442	85.44003745	148.6606875	205.9126028	64.03124237	194.1648784	0	213.7755833	50.99019514	130	67.08203932	70	150	70.71067812	148.6606875	186.0107524	174.9285568	161.245155	151.3274595	272.0294102	214.0093456	202.2374842	150.3329638	174.642492	188.6796226	20	237.0653918	111.8033989	170.8800749	141.4213562	36.05551275
27	310.4834939	319.5309062	192.3538406	150	306.757233	256.3201124	205.9126028	106.3014581	94.33981132	98.99494937	64.03124237	230.8679276	210.9502311	240.4163056	114.0175425	183.8477631	72.11102551	80.62257748	122.0655562	70.71067812	184.3908891	317.8049716	67.08203932	272.0294102	156.2049935	213.7755833	0	219.317122	127.2792206	150.3329638	282.8427125	72.11102551	260.1922366	130.3840481	92.19544457	78.10249676	80.62257748	84.85281374	120.4159458	98.48857802	70.71067812	245.9674775	89.4427191	78.10249676	194.1648784	70	170.8800749	192.0937271	250.7987241	247.3863375
28	100.4987562	223.6067977	120.4159458	237.0653918	210.2379604	184.3908891	191.0497317	200	226.715681	131.5294644	212.6029163	161.245155	110.4536102	162.788206	150	162.788206	162.788206	161.245155	188.6796226	248.394847	131.5294644	194.1648784	226.715681	60.8276253	232.594067	50.99019514	219.317122	0	110	94.33981132	94.33981132	148.6606875	116.6190379	183.5755975	212.6029163	197.9898987	183.8477631	143.1782106	296.9848481	240.8318916	191.0497317	200.9975124	160.3121954	212.1320344	50.99019514	256.1249695	155.241747	215.8703314	192.3538406	50
29	210.2379604	290	156.2049935	210	275.8622845	234.3074903	210.2379604	160.3121954	174.642492	28.28427125	148.6606875	206.1552813	162.788206	212.6029163	121.6552506	178.8854382	58.30951895	53.85164807	160.3121954	178.8854382	158.113883	272.0294102	161.5549442	170.2938637	210.2379604	130	127.2792206	110	0	100	196.468827	58.30951895	197.2308292	161.245155	162.788206	143.1782106	131.5294644	42.42640687	232.594067	186.8154169	82.46211251	238.5372088	50.99019514	155.241747	111.8033989	183.5755975	165.5294536	218.4032967	236.0084744	152.9705854
30	165.5294536	192.0937271	56.56854249	143.1782106	178.0449381	134.5362405	114.0175425	106.3014581	134.5362405	100	125.2996409	106.3014581	67.08203932	113.137085	56.56854249	82.46211251	120.8304597	125.2996409	94.33981132	161.245155	58.30951895	178.8854382	138.9244399	130.3840481	139.2838828	67.08203932	150.3329638	94.33981132	100	0	133.4166406	94.86832981	111.8033989	89.4427191	120.4159458	108.1665383	94.33981132	102.9563014	206.1552813	148.6606875	152.3154621	138.9244399	130.3840481	122.0655562	50	170	70.71067812	130	136.0147051	102.9563014
31	44.72135955	151.3274595	114.0175425	248.394847	140.3566885	136.0147051	172.0465053	228.2542442	259.4224354	212.1320344	256.3201124	125.2996409	92.19544457	120.8304597	183.8477631	155.5634919	240.8318916	241.8677324	210.9502311	291.5475947	128.0624847	114.0175425	269.2582404	44.72135955	240.8318916	70	282.8427125	94.33981132	196.468827	133.4166406	0	220	53.85164807	202.4845673	245.9674775	237.6972865	224.7220505	220.9072203	331.2099032	272.9468813	271.6615541	161.5549442	243.3105012	250.7987241	90	300.8321791	156.2049935	206.1552813	148.6606875	44.72135955
32	243.3105012	283.019434	147.6482306	162.788206	269.2582404	222.0360331	184.3908891	111.8033989	120.4159458	31.6227766	92.19544457	194.1648784	161.5549442	202.4845673	86.02325267	155.5634919	28.28427125	36.05551275	117.0469991	120.8304597	144.222051	273.1300057	104.4030651	203.9607805	164.924225	150	72.11102551	148.6606875	58.30951895	94.86832981	220	0	206.1552813	120.8304597	110	90	80.62257748	20	174.642492	131.5294644	58.30951895	219.317122	44.72135955	100.4987562	130	125.2996409	141.4213562	183.5755975	220.2271555	181.1077028
33	98.48857802	107.7032961	72.80109889	202.4845673	94.86832981	82.46211251	120.4159458	189.7366596	221.3594362	206.1552813	223.6067977	72.11102551	50.99019514	67.08203932	151.3274595	108.1665383	230.8679276	234.0939982	170.8800749	257.0992026	85.44003745	78.10249676	235.3720459	90	194.1648784	70.71067812	260.1922366	116.6190379	197.2308292	111.8033989	53.85164807	206.1552813	0	161.5549442	208.8061302	203.9607805	192.3538406	211.896201	291.5475947	234.0939982	262.488095	107.7032961	237.6972865	215.8703314	86.02325267	266.8332813	111.8033989	155.5634919	94.86832981	72.80109889
34	242.0743687	194.1648784	89.4427191	53.85164807	182.4828759	131.5294644	76.15773106	30	60.8276253	145.6021978	72.80109889	110	111.8033989	120	40	60	147.6482306	156.5247584	10	100	76.15773106	200	80.62257748	212.1320344	50.99019514	148.6606875	130.3840481	183.5755975	161.245155	89.4427191	202.4845673	120.8304597	161.5549442	0	50	53.85164807	50	139.2838828	130	72.80109889	172.0465053	117.0469991	165.5294536	60.8276253	136.0147051	110	50.99019514	64.03124237	123.6931688	183.8477631
35	283.019434	243.3105012	136.0147051	58.30951895	231.9482701	181.1077028	123.6931688	20	14.14213562	140.3566885	28.28427125	160	158.113883	170	64.03124237	110	131.5294644	141.4213562	40	50	123.6931688	250	31.6227766	250	64.03124237	186.0107524	92.19544457	212.6029163	162.788206	120.4159458	245.9674775	110	208.8061302	50	0	20	31.6227766	130	86.02325267	28.28427125	148.6606875	164.924225	151.3274595	14.14213562	170.2938637	60	100.4987562	102.9563014	172.626765	222.0360331
36	272.9468813	247.3863375	131.5294644	76.15773106	235.3720459	184.3908891	130	28.28427125	31.6227766	120.4159458	20	161.245155	152.9705854	171.1724277	53.85164807	111.8033989	111.8033989	121.6552506	44.72135955	53.85164807	120.4159458	250.7987241	31.6227766	238.5372088	80.62257748	174.9285568	78.10249676	197.9898987	143.1782106	108.1665383	237.6972865	90	203.9607805	53.85164807	20	0	14.14213562	110	98.99494937	44.72135955	130	170.8800749	131.5294644	14.14213562	158.113883	63.2455532	100.4987562	114.0175425	177.2004515	210.9502311
37	259.4224354	240.4163056	120.4159458	82.46211251	228.035085	177.2004515	125.2996409	31.6227766	44.72135955	110	31.6227766	152.9705854	141.4213562	162.788206	41.23105626	104.4030651	104.4030651	114.0175425	42.42640687	67.08203932	110	241.8677324	44.72135955	224.7220505	85.44003745	161.245155	80.62257748	183.8477631	131.5294644	94.33981132	224.7220505	80.62257748	192.3538406	50	31.6227766	14.14213562	0	100.4987562	113.137085	58.30951895	125.2996409	165.5294536	123.6931688	28.28427125	144.222051	76.15773106	92.19544457	113.137085	170.8800749	197.2308292
38	240.8318916	294.1088234	158.113883	182.4828759	280.1785145	234.3074903	200	131.5294644	140.3566885	14.14213562	111.8033989	206.1552813	170	214.0093456	102.9563014	170.2938637	20	22.36067977	136.0147051	139.2838828	156.2049935	281.7800561	123.6931688	200.9975124	184.3908891	151.3274595	84.85281374	143.1782106	42.42640687	102.9563014	220.9072203	20	211.896201	139.2838828	130	110	100.4987562	0	193.1320792	151.3274595	50.99019514	233.4523506	28.28427125	120.4159458	131.5294644	143.1782106	156.2049935	201.246118	233.4523506	180
39	368.9173349	310.1612484	219.317122	100	300.6659276	251.7935662	191.0497317	102.9563014	72.11102551	206.1552813	86.02325267	235.3720459	241.6609195	245.1530134	150	186.8154169	186.8154169	196.468827	120.8304597	53.85164807	206.1552813	323.8826948	72.11102551	336.0059523	110	272.0294102	120.4159458	296.9848481	232.594067	206.1552813	331.2099032	174.642492	291.5475947	130	86.02325267	98.99494937	113.137085	193.1320792	0	58.30951895	191.0497317	230.2172887	206.1552813	84.85281374	256.1249695	50.99019514	180.2775638	160	240.8318916	308.058436
40	310.6444913	260.7680962	161.5549442	58.30951895	250.1999201	200	140.3566885	44.72135955	14.14213562	162.788206	40	181.1077028	183.8477631	191.0497317	92.19544457	131.5294644	150	160	63.2455532	36.05551275	148.6606875	270.7397274	31.6227766	278.0287755	67.08203932	214.0093456	98.48857802	240.8318916	186.8154169	148.6606875	272.9468813	131.5294644	234.0939982	72.80109889	28.28427125	44.72135955	58.30951895	151.3274595	58.30951895	0	162.788206	181.1077028	170	31.6227766	198.4943324	44.72135955	123.6931688	114.0175425	190.2629759	250
41	290.1723626	341.3209633	205.9126028	206.1552813	327.5667871	280.1785145	240.4163056	156.5247584	155.241747	60	123.6931688	252.3885893	219.317122	260.7680962	141.4213562	212.6029163	31.6227766	30	166.4331698	140	202.4845673	331.0589071	131.5294644	250.1999201	210.2379604	202.2374842	70.71067812	191.0497317	82.46211251	152.3154621	271.6615541	58.30951895	262.488095	172.0465053	148.6606875	130	125.2996409	50.99019514	191.0497317	162.788206	0	276.5863337	31.6227766	136.0147051	182.4828759	140.3566885	198.4943324	236.0084744	278.0287755	230.2172887
42	206.1552813	80	85.44003745	130.3840481	70.71067812	28.28427125	41.23105626	145.6021978	172.626765	234.3074903	189.7366596	40	90.55385138	41.23105626	136.0147051	64.03124237	247.5883681	254.5584412	126.4911064	213.7755833	80.62257748	98.48857802	196.468827	194.1648784	120.4159458	150.3329638	245.9674775	200.9975124	238.5372088	138.9244399	161.5549442	219.317122	107.7032961	117.0469991	164.924225	170.8800749	165.5294536	233.4523506	230.2172887	181.1077028	276.5863337	0	261.7250466	177.2004515	152.9705854	223.6067977	78.10249676	70.71067812	14.14213562	171.1724277
43	260	322.0248438	186.0107524	206.1552813	308.058436	262.488095	228.035085	155.241747	160.3121954	31.6227766	130	234.3074903	197.2308292	242.0743687	130.3840481	198.4943324	20	10	161.5549442	152.9705854	184.3908891	308.8689042	140.3566885	220	208.8061302	174.642492	89.4427191	160.3121954	50.99019514	130.3840481	243.3105012	44.72135955	237.6972865	165.5294536	151.3274595	131.5294644	123.6931688	28.28427125	206.1552813	170	31.6227766	261.7250466	0	140.3566885	155.241747	155.241747	184.3908891	228.2542442	261.7250466	200.9975124
44	286.5309756	254.9509757	143.1782106	72.11102551	243.3105012	192.3538406	136.0147051	31.6227766	20	131.5294644	14.14213562	170.2938637	164.924225	180.2775638	67.08203932	120.4159458	120.4159458	130.3840481	50.99019514	41.23105626	131.5294644	260.1922366	20	252.3885893	78.10249676	188.6796226	78.10249676	212.1320344	155.241747	122.0655562	250.7987241	100.4987562	215.8703314	60.8276253	14.14213562	14.14213562	28.28427125	120.4159458	84.85281374	31.6227766	136.0147051	177.2004515	140.3566885	0	172.0465053	50.99019514	110	116.6190379	184.3908891	224.7220505
45	117.0469991	186.0107524	70	188.6796226	172.0465053	139.2838828	140.3566885	155.5634919	184.3908891	123.6931688	174.9285568	114.0175425	63.2455532	117.0469991	106.3014581	111.8033989	151.3274595	152.9705854	142.126704	210.9502311	80.62257748	162.788206	188.6796226	80.62257748	183.5755975	20	194.1648784	50.99019514	111.8033989	50	90	130	86.02325267	136.0147051	170.2938637	158.113883	144.222051	131.5294644	256.1249695	198.4943324	182.4828759	152.9705854	155.241747	172.0465053	0	219.544984	104.4030651	164.924225	145.6021978	53.85164807
46	335.4101966	302.654919	194.1648784	102.9563014	291.5475947	240.8318916	182.4828759	80	50.99019514	156.5247584	44.72135955	220	215.8703314	230	117.0469991	170	136.0147051	145.6021978	100	10	182.4828759	310	31.6227766	300.1666204	111.8033989	237.0653918	70	256.1249695	183.5755975	170	300.8321791	125.2996409	266.8332813	110	60	63.2455532	76.15773106	143.1782106	50.99019514	44.72135955	140.3566885	223.6067977	155.241747	50.99019514	219.544984	0	160.3121954	158.113883	231.9482701	272.9468813
47	197.9898987	148.6606875	42.42640687	92.19544457	136.0147051	85.44003745	44.72135955	80.62257748	111.8033989	158.113883	120.4159458	60.8276253	64.03124237	70.71067812	58.30951895	14.14213562	169.7056275	176.9180601	60.8276253	150.3329638	28.28427125	150.3329638	130	172.0465053	84.85281374	111.8033989	170.8800749	155.241747	165.5294536	70.71067812	156.2049935	141.4213562	111.8033989	50.99019514	100.4987562	100.4987562	92.19544457	156.2049935	180.2775638	123.6931688	198.4943324	78.10249676	184.3908891	110	104.4030651	160.3121954	0	60.8276253	80.62257748	144.222051
48	250	150.3329638	98.48857802	60	141.4213562	94.86832981	36.05551275	86.02325267	107.7032961	206.1552813	130.3840481	86.02325267	116.6190379	94.33981132	98.48857802	53.85164807	210.9502311	219.544984	70.71067812	148.6606875	85.44003745	167.6305461	134.1640786	228.2542442	50	170.8800749	192.0937271	215.8703314	218.4032967	130	206.1552813	183.5755975	155.5634919	64.03124237	102.9563014	114.0175425	113.137085	201.246118	160	114.0175425	236.0084744	70.71067812	228.2542442	116.6190379	164.924225	158.113883	60.8276253	0	82.46211251	201.246118
49	193.1320792	70.71067812	80.62257748	141.4213562	60	14.14213562	50	152.9705854	181.1077028	233.4523506	196.468827	31.6227766	82.46211251	30	138.9244399	67.08203932	248.394847	254.9509757	133.4166406	222.0360331	78.10249676	85.44003745	203.9607805	182.4828759	131.5294644	141.4213562	250.7987241	192.3538406	236.0084744	136.0147051	148.6606875	220.2271555	94.86832981	123.6931688	172.626765	177.2004515	170.8800749	233.4523506	240.8318916	190.2629759	278.0287755	14.14213562	261.7250466	184.3908891	145.6021978	231.9482701	80.62257748	82.46211251	0	160.3121954
50	63.2455532	180.2775638	102.9563014	234.3074903	167.6305461	150	170.8800749	206.1552813	236.0084744	170.2938637	228.2542442	131.5294644	85.44003745	130.3840481	158.113883	147.6482306	200	200.2498439	191.0497317	264.1968963	116.6190379	147.6482306	241.8677324	28.28427125	228.035085	36.05551275	247.3863375	50	152.9705854	102.9563014	44.72135955	181.1077028	72.80109889	183.8477631	222.0360331	210.9502311	197.2308292	180	308.058436	250	230.2172887	171.1724277	200.9975124	224.7220505	53.85164807	272.9468813	144.222051	201.246118	160.3121954	0;

param d:=
0	0
1	1
2	12
3	8
4	1
5	8
6	1
7	4
8	4
9	8
10	12
11	2
12	1
13	2
14	12
15	1
16	12
17	1
18	12
19	4
20	1
21	8
22	1
23	2
24	8
25	4
26	12
27	2
28	8
29	8
30	8
31	4
32	8
33	2
34	2
35	1
36	4
37	8
38	8
39	1
40	4
41	12
42	12
43	8
44	1
45	8
46	1
47	4
48	12
49	4
50	2;
param puntos:= 26; 

param cotas: 
 	 1 	 2:= 

1	5023.786951828978	1524.1776673112763
2	5024.702159854938	1480.0102839865542
3	5058.717927739914	1476.2244759882433
4	5112.778737678806	1475.374369486695
5	5136.865875537132	1473.3308482422278
6	5136.907764112585	1464.3500953071207
7	5136.907764112586	1464.3500953071202
8	5152.779917188634	1444.0752548891915
9	5186.795685073608	1440.2894468908805
10	5204.235733901001	1434.9449663678422
11	5238.251501785975	1431.1591583695313
12	5292.312311724867	1430.309051867983
13	5316.399449583193	1428.2655306235158
14	5332.646868086659	1427.5305195758701
15	5341.047833678334	1424.7836492024144
16	5395.1086436172245	1423.9335427008664
17	5395.108643617227	1423.9335427008662
18	5450.5502830376845	1417.4643253898892
19	5504.611092976576	1416.6142188883412
20	5574.15083858588	1414.7474309663105
21	5575.566479779627	1411.8859780308933
22	5629.627289718519	1411.035871529345
23	5772.42964945375	1400.417791761822
24	5808.57039008613	1399.1530069773366
25	5823.885466166117	1391.2875032404727
26	5877.946276105009	1390.4373967389245
; 
