param n = 50;
param m = 4;
param K = 8;
param Q = 60;
param L =26;
param HC:= 
1 193.252
2 179.378
3 186.529
4 139.113;

param o:
	1	2	3	4	5	6	7	8	9	10	11	12	13	14	15	16	17	18	19	20	21	22	23	24	25	26	27	28	29	30	31	32	33	34	35	36	37	38	39	40	41	42	43	44	45	46	47	48	49	50:=
1	205.1828453	50	94.86832981	36.05551275	141.4213562	130	170	120.4159458	114.0175425	110.4536102	110.4536102	110	70.71067812	100	90.55385138	194.1648784	164.924225	123.6931688	133.4166406	202.4845673	110.4536102	180.2775638	86.02325267	121.6552506	164.0121947	202.4845673	31.6227766	174.642492	20	162.788206	141.4213562	130.3840481	200	170	164.924225	164.0121947	121.6552506	117.0469991	100.4987562	120	40	130.3840481	92.19544457	145.6021978	142.126704	150	110	130.3840481	140.3566885	76.15773106
2	240.4163056	84.85281374	125.2996409	70.71067812	167.6305461	141.4213562	192.3538406	152.9705854	80.62257748	131.5294644	85.44003745	141.4213562	50	123.6931688	120.4159458	196.977156	180.2775638	152.3154621	111.8033989	206.1552813	143.1782106	210.2379604	80.62257748	98.48857802	198.4943324	236.0084744	67.08203932	184.3908891	30	197.9898987	160.3121954	100.4987562	191.0497317	177.2004515	193.1320792	165.5294536	155.241747	152.3154621	76.15773106	143.1782106	36.05551275	162.788206	94.86832981	180.2775638	136.0147051	172.626765	133.4166406	160.3121954	172.626765	41.23105626
3	226.27417	70.71067812	111.8033989	56.56854249	155.241747	133.4166406	181.1077028	141.4213562	92.19544457	120.4159458	92.19544457	130.3840481	53.85164807	111.8033989	110	192.3538406	171.1724277	139.2838828	117.0469991	201.246118	131.5294644	196.977156	78.10249676	104.4030651	184.3908891	222.0360331	53.85164807	177.2004515	22.36067977	183.8477631	150	110	191.0497317	170.8800749	180.2775638	161.245155	143.1782106	139.2838828	82.46211251	131.5294644	36.05551275	151.3274595	89.4427191	167.6305461	134.5362405	161.245155	121.6552506	150	161.245155	53.85164807
4	313.2091953	191.0497317	192.3538406	182.4828759	196.977156	125.2996409	194.1648784	284.4292531	102.9563014	158.113883	70.71067812	276.5863337	102.9563014	164.924225	259.6150997	111.8033989	156.2049935	199.2485885	42.42640687	120.8304597	274.5906044	245.9674775	90.55385138	56.56854249	269.2582404	291.5475947	196.468827	134.5362405	178.8854382	276.5863337	161.245155	76.15773106	60	120.4159458	223.6067977	92.19544457	282.8427125	270.7397274	78.10249676	170.8800749	188.6796226	294.2787794	100.4987562	300.6659276	58.30951895	183.5755975	167.6305461	298.3286778	304.1381265	127.2792206;

param cost:
	1	2	3	4	5	6	7	8	9	10	11	12	13	14	15	16	17	18	19	20	21	22	23	24	25	26	27	28	29	30	31	32	33	34	35	36	37	38	39	40	41	42	43	44	45	46	47	48	49	50:=
1	0	155.5634919	125.2996409	169.7056275	120.4159458	192.3538406	141.4213562	141.4213562	308.058436	155.241747	286.5309756	152.9705854	252.3885893	148.6606875	167.6305461	250.1999201	180.2775638	114.0175425	295.4657341	250.7987241	143.1782106	82.46211251	232.594067	290.6888371	44.72135955	36.05551275	178.0449381	210.2379604	220.2271555	42.42640687	160.3121954	313.8470965	301.4962686	220	100.4987562	240.8318916	131.5294644	114.0175425	277.8488798	143.1782106	236.0084744	140.3566885	215.4065923	110	257.0992026	140	145.6021978	160.3121954	140	276.5863337
2	155.5634919	0	50	14.14213562	100.4987562	113.137085	133.4166406	94.86832981	156.5247584	80.62257748	143.1782106	89.4427191	104.4030651	67.08203932	78.10249676	184.3908891	138.9244399	80	160.3121954	191.0497317	85.44003745	133.4166406	100.4987562	151.3274595	114.0175425	152.6433752	30	156.2049935	67.08203932	113.137085	111.8033989	167.6305461	206.1552813	155.5634919	120.4159458	158.113883	92.19544457	80	133.4166406	85.44003745	85.44003745	104.4030651	94.86832981	110	148.6606875	114.0175425	76.15773106	111.8033989	114.0175425	122.0655562
3	125.2996409	50	0	60.8276253	50.99019514	85.44003745	85.44003745	120.4159458	184.3908891	44.72135955	161.245155	120.4159458	128.0624847	31.6227766	116.6190379	156.5247584	98.99494937	30	170.8800749	161.245155	113.137085	85.44003745	107.7032961	165.5294536	80.62257748	113.137085	80	122.0655562	114.0175425	85.44003745	70.71067812	188.6796226	192.3538406	125.2996409	70.71067812	136.0147051	114.0175425	94.33981132	152.6433752	42.42640687	133.4166406	128.0624847	92.19544457	120.8304597	140	67.08203932	36.05551275	141.4213562	136.0147051	156.2049935
4	169.7056275	14.14213562	60.8276253	0	110	114.0175425	141.4213562	101.9803903	143.1782106	85.44003745	131.5294644	94.86832981	92.19544457	72.80109889	80.62257748	183.8477631	143.1782106	90.55385138	150	191.0497317	92.19544457	145.6021978	92.19544457	140.3566885	128.0624847	166.4331698	22.36067977	158.113883	53.85164807	127.2792206	117.0469991	155.241747	201.246118	156.2049935	131.5294644	156.2049935	100.4987562	90.55385138	121.6552506	92.19544457	72.80109889	111.8033989	89.4427191	120.4159458	143.1782106	121.6552506	82.46211251	117.0469991	121.6552506	108.1665383
5	120.4159458	100.4987562	50.99019514	110	0	72.80109889	36.05551275	164.0121947	214.0093456	42.42640687	183.8477631	166.4331698	158.113883	44.72135955	165.5294536	131.5294644	63.2455532	22.36067977	186.0107524	133.4166406	158.113883	50	127.2792206	184.3908891	80.62257748	94.86832981	130.3840481	92.19544457	161.245155	92.19544457	40	212.1320344	181.1077028	100.4987562	28.28427125	120.4159458	156.2049935	134.5362405	176.9180601	28.28427125	181.1077028	170.2938637	106.3014581	156.2049935	139.2838828	22.36067977	36.05551275	186.0107524	176.9180601	192.3538406
6	192.3538406	113.137085	85.44003745	114.0175425	72.80109889	0	70.71067812	202.4845673	161.5549442	41.23105626	125.2996409	200	111.8033989	53.85164807	191.0497317	72.11102551	41.23105626	80	120.4159458	78.10249676	194.1648784	120.8304597	72.80109889	122.0655562	150.3329638	167.6305461	136.0147051	44.72135955	148.6606875	160	36.05551275	152.6433752	110	42.42640687	98.48857802	50.99019514	197.2308292	178.8854382	120.8304597	50	167.6305461	210.9502311	50.99019514	206.1552813	67.08203932	58.30951895	50.99019514	222.0360331	219.544984	151.3274595
7	141.4213562	133.4166406	85.44003745	141.4213562	36.05551275	70.71067812	0	200	228.2542442	60.8276253	194.1648784	202.4845673	174.642492	70	201.246118	110.4536102	41.23105626	58.30951895	191.0497317	110	194.1648784	60	138.9244399	192.0937271	107.7032961	110	162.788206	70.71067812	190	120.8304597	36.05551275	222.0360331	167.6305461	82.46211251	41.23105626	107.7032961	192.0937271	170.2938637	188.6796226	50	210	206.1552813	116.6190379	191.0497317	136.0147051	20	60	222.0360331	212.6029163	211.896201
8	141.4213562	94.86832981	120.4159458	101.9803903	164.0121947	202.4845673	200	0	233.4523506	164.0121947	230	14.14213562	190	150	36.05551275	274.5906044	219.317122	142.126704	250.7987241	280.1785145	10	170.8800749	194.1648784	240.208243	121.6552506	160.3121954	90	242.0743687	123.6931688	110.4536102	191.0497317	250.7987241	300.8321791	244.1311123	170	250.5992817	10	31.6227766	220	162.788206	130	10	189.7366596	36.05551275	243.5159132	184.3908891	156.2049935	22.36067977	20	194.1648784
9	308.058436	156.5247584	184.3908891	143.1782106	214.0093456	161.5549442	228.2542442	233.4523506	0	172.0465053	40	222.0360331	56.56854249	170.2938637	200.9975124	190	202.4845673	205.1828453	63.2455532	200	223.6067977	262.488095	89.4427191	50.99019514	264.0075756	297.3213749	145.6021978	194.1648784	110.4536102	266.2705391	192.3538406	28.28427125	158.113883	182.4828759	242.0743687	160.3121954	235.3720459	230.8679276	41.23105626	186.0107524	110.4536102	243.3105012	111.8033989	259.6150997	120	210.9502311	178.0449381	240.8318916	253.179778	40
10	155.241747	80.62257748	44.72135955	85.44003745	42.42640687	41.23105626	60.8276253	164.0121947	172.0465053	0	141.4213562	162.788206	116.6190379	14.14213562	156.2049935	111.8033989	58.30951895	41.23105626	144.222051	116.6190379	156.2049935	92.19544457	84.85281374	142.126704	111.8033989	134.1640786	107.7032961	78.10249676	130.3840481	120.4159458	31.6227766	169.7056275	150.3329638	80.62257748	70.71067812	92.19544457	158.113883	138.9244399	134.5362405	14.14213562	150.3329638	172.0465053	64.03124237	165.5294536	101.9803903	41.23105626	10	184.3908891	180.2775638	152.3154621
11	286.5309756	143.1782106	161.245155	131.5294644	183.8477631	125.2996409	194.1648784	230	40	141.4213562	0	220.2271555	40	142.126704	200.9975124	150	165.5294536	178.0449381	28.28427125	160	220	233.4523506	56.56854249	14.14213562	241.8677324	272.0294102	140	155.241747	114.0175425	245.9674775	158.113883	28.28427125	120.8304597	143.1782106	212.1320344	120.4159458	230.2172887	222.0360331	10	155.5634919	120.8304597	240	78.10249676	251.7935662	80	178.0449381	148.6606875	240.8318916	250	56.56854249
12	152.9705854	89.4427191	120.4159458	94.86832981	166.4331698	200	202.4845673	14.14213562	222.0360331	162.788206	220.2271555	0	180.2775638	148.6606875	22.36067977	272.0294102	219.317122	144.222051	241.8677324	278.0287755	10	177.2004515	186.8154169	230.8679276	130.3840481	170	80.62257748	240.8318916	111.8033989	120	191.0497317	240.208243	295.4657341	242.0743687	174.642492	246.9817807	22.36067977	40	210.2379604	162.788206	117.0469991	22.36067977	183.8477631	50	237.6972865	186.0107524	155.5634919	22.36067977	31.6227766	182.4828759
13	252.3885893	104.4030651	128.0624847	92.19544457	158.113883	111.8033989	174.642492	190	56.56854249	116.6190379	40	180.2775638	0	114.0175425	161.245155	155.241747	152.9705854	148.6606875	63.2455532	164.924225	180	206.1552813	40	50.99019514	208.0865205	240.8318916	100	150	76.15773106	210.9502311	139.2838828	63.2455532	142.126704	140.3566885	186.0107524	123.6931688	190.2629759	182.4828759	30	130.3840481	86.02325267	200	60.8276253	212.1320344	89.4427191	156.5247584	122.0655562	200.9975124	210	40
14	148.6606875	67.08203932	31.6227766	72.80109889	44.72135955	53.85164807	70	150	170.2938637	14.14213562	142.126704	148.6606875	114.0175425	0	142.126704	125.2996409	72.11102551	36.05551275	147.6482306	130.3840481	142.126704	92.19544457	86.02325267	144.222051	104.4030651	130.3840481	94.86832981	92.19544457	120	111.8033989	44.72135955	170.2938637	161.245155	94.33981132	72.11102551	104.4030651	144.222051	125.2996409	134.5362405	20	140	158.113883	67.08203932	152.3154621	110.4536102	50	10	170.2938637	166.4331698	147.6482306
15	167.6305461	78.10249676	116.6190379	80.62257748	165.5294536	191.0497317	201.246118	36.05551275	200.9975124	156.2049935	200.9975124	22.36067977	161.245155	142.126704	0	262.488095	214.0093456	143.1782106	223.6067977	269.0724809	28.28427125	182.4828759	170.8800749	212.1320344	140.3566885	181.1077028	63.2455532	233.4523506	90.55385138	131.5294644	186.0107524	220	281.7800561	233.4523506	177.2004515	236.0084744	42.42640687	53.85164807	191.0497317	158.113883	94.86832981	44.72135955	170	70.71067812	223.6067977	183.5755975	150	40	53.85164807	161.245155
16	250.1999201	184.3908891	156.5247584	183.8477631	131.5294644	72.11102551	110.4536102	274.5906044	190	111.8033989	150	272.0294102	155.241747	125.2996409	262.488095	0	70	145.6021978	131.5294644	10	266.2705391	170.2938637	117.0469991	140.3566885	212.1320344	220.2271555	205.1828453	40	210.9502311	223.6067977	92.19544457	171.1724277	64.03124237	31.6227766	150	31.6227766	269.2582404	250.5992817	150.3329638	117.0469991	228.2542442	283.019434	102.9563014	277.3084925	70	110.4536102	120.8304597	294.1088234	291.5475947	194.1648784
17	180.2775638	138.9244399	98.99494937	143.1782106	63.2455532	41.23105626	41.23105626	219.317122	202.4845673	58.30951895	165.5294536	219.317122	152.9705854	72.11102551	214.0093456	70	0	80.62257748	158.113883	70.71067812	212.1320344	100.4987562	114.0175425	161.245155	143.1782106	150.3329638	165.5294536	30	184.3908891	155.241747	28.28427125	192.3538406	126.4911064	41.23105626	80	67.08203932	212.6029163	192.0937271	161.5549442	56.56854249	203.9607805	226.715681	92.19544457	216.3330765	98.99494937	41.23105626	64.03124237	240.4163056	234.3074903	192.3538406
18	114.0175425	80	30	90.55385138	22.36067977	80	58.30951895	142.126704	205.1828453	41.23105626	178.0449381	144.222051	148.6606875	36.05551275	143.1782106	145.6021978	80.62257748	0	183.5755975	148.6606875	136.0147051	58.30951895	122.0655562	180.2775638	70.71067812	94.33981132	110	107.7032961	143.1782106	80	53.85164807	206.1552813	190	114.0175425	41.23105626	130.3840481	134.5362405	113.137085	170.2938637	30	162.788206	148.6606875	102.9563014	136.0147051	143.1782106	42.42640687	31.6227766	164.0121947	155.5634919	180.2775638
19	295.4657341	160.3121954	170.8800749	150	186.0107524	120.4159458	191.0497317	250.7987241	63.2455532	144.222051	28.28427125	241.8677324	63.2455532	147.6482306	223.6067977	131.5294644	158.113883	183.5755975	0	141.4213562	240.8318916	236.0084744	63.2455532	14.14213562	250.7987241	277.8488798	161.245155	143.1782106	139.2838828	256.3201124	155.5634919	40	94.86832981	130	214.0093456	104.4030651	250.1999201	240.208243	36.05551275	158.113883	147.6482306	260.7680962	80.62257748	270.1851217	63.2455532	176.9180601	152.6433752	263.0589288	270.7397274	84.85281374
20	250.7987241	191.0497317	161.245155	191.0497317	133.4166406	78.10249676	110	280.1785145	200	116.6190379	160	278.0287755	164.924225	130.3840481	269.0724809	10	70.71067812	148.6606875	141.4213562	0	272.0294102	170	126.4911064	150.3329638	213.7755833	220	212.6029163	41.23105626	219.544984	225.6102835	94.86832981	181.1077028	70.71067812	36.05551275	150.3329638	41.23105626	274.5906044	255.5386468	160.3121954	120.8304597	237.0653918	288.444102	111.8033989	281.7800561	80	111.8033989	125.2996409	300	296.8164416	203.9607805
21	143.1782106	85.44003745	113.137085	92.19544457	158.113883	194.1648784	194.1648784	10	223.6067977	156.2049935	220	10	180	142.126704	28.28427125	266.2705391	212.1320344	136.0147051	240.8318916	272.0294102	0	167.6305461	184.3908891	230.2172887	120.4159458	160	80	234.3074903	114.0175425	110	183.8477631	240.8318916	291.5475947	236.0084744	165.5294536	241.8677324	14.14213562	30	210	155.5634919	120.8304597	20	180.2775638	42.42640687	234.0939982	178.0449381	148.6606875	28.28427125	30	184.3908891
22	82.46211251	133.4166406	85.44003745	145.6021978	50	120.8304597	60	170.8800749	262.488095	92.19544457	233.4523506	177.2004515	206.1552813	92.19544457	182.4828759	170.2938637	100.4987562	58.30951895	236.0084744	170	167.6305461	0	176.9180601	234.3074903	56.56854249	50	162.788206	130.3840481	199.2485885	70.71067812	85.44003745	261.7250466	225.6102835	141.4213562	22.36067977	164.924225	161.5549442	139.2838828	226.27417	78.10249676	218.4032967	174.642492	156.2049935	152.6433752	187.8829423	63.2455532	84.85281374	193.1320792	178.8854382	238.5372088
23	232.594067	100.4987562	107.7032961	92.19544457	127.2792206	72.80109889	138.9244399	194.1648784	89.4427191	84.85281374	56.56854249	186.8154169	40	86.02325267	170.8800749	117.0469991	114.0175425	122.0655562	63.2455532	126.4911064	184.3908891	176.9180601	0	58.30951895	187.8829423	216.3330765	107.7032961	110	98.99494937	193.1320792	102.9563014	84.85281374	114.0175425	100.4987562	155.5634919	85.44003745	192.3538406	180.2775638	50	98.99494937	114.0175425	203.9607805	22.36067977	210.2379604	56.56854249	122.0655562	92.19544457	208.8061302	213.7755833	80
24	290.6888371	151.3274595	165.5294536	140.3566885	184.3908891	122.0655562	192.0937271	240.208243	50.99019514	142.126704	14.14213562	230.8679276	50.99019514	144.222051	212.1320344	140.3566885	161.245155	180.2775638	14.14213562	150.3329638	230.2172887	234.3074903	58.30951895	0	245.9674775	274.5906044	150.3329638	148.6606875	126.4911064	250.7987241	156.2049935	31.6227766	107.7032961	136.0147051	212.6029163	111.8033989	240	230.8679276	22.36067977	156.2049935	134.1640786	250.1999201	78.10249676	260.7680962	70.71067812	176.9180601	150	251.7935662	260.1922366	70.71067812
25	44.72135955	114.0175425	80.62257748	128.0624847	80.62257748	150.3329638	107.7032961	121.6552506	264.0075756	111.8033989	241.8677324	130.3840481	208.0865205	104.4030651	140.3566885	212.1320344	143.1782106	70.71067812	250.7987241	213.7755833	120.4159458	56.56854249	187.8829423	245.9674775	0	41.23105626	138.9244399	172.626765	180.2775638	14.14213562	120.4159458	269.2582404	260.1922366	181.1077028	67.08203932	200	111.8033989	90.55385138	233.2380758	100.4987562	197.2308292	123.6931688	170.8800749	98.48857802	213.7755833	101.9803903	101.9803903	143.1782106	126.4911064	233.4523506
26	36.05551275	152.6433752	113.137085	166.4331698	94.86832981	167.6305461	110	160.3121954	297.3213749	134.1640786	272.0294102	170	240.8318916	130.3840481	181.1077028	220.2271555	150.3329638	94.33981132	277.8488798	220	160	50	216.3330765	274.5906044	41.23105626	0	178.8854382	180.2775638	219.544984	50	133.4166406	300	274.5906044	191.0497317	70.71067812	213.7755833	150.3329638	130	264.0075756	120.8304597	237.0653918	161.245155	197.2308292	133.4166406	234.0939982	111.8033989	125.2996409	181.1077028	162.788206	269.0724809
27	178.0449381	30	80	22.36067977	130.3840481	136.0147051	162.788206	90	145.6021978	107.7032961	140	80.62257748	100	94.86832981	63.2455532	205.1828453	165.5294536	110	161.245155	212.6029163	80	162.788206	107.7032961	150.3329638	138.9244399	178.8854382	0	180.2775638	42.42640687	136.0147051	139.2838828	161.245155	219.544984	178.0449381	150.3329638	176.9180601	90.55385138	85.44003745	130	114.0175425	58.30951895	100	108.1665383	114.0175425	161.245155	143.1782106	104.4030651	101.9803903	110	107.7032961
28	210.2379604	156.2049935	122.0655562	158.113883	92.19544457	44.72135955	70.71067812	242.0743687	194.1648784	78.10249676	155.241747	240.8318916	150	92.19544457	233.4523506	40	30	107.7032961	143.1782106	41.23105626	234.3074903	130.3840481	110	148.6606875	172.626765	180.2775638	180.2775638	0	193.1320792	184.3908891	53.85164807	180.2775638	98.48857802	14.14213562	110	42.42640687	236.0084744	216.3330765	152.9705854	80.62257748	211.896201	250	90.55385138	241.8677324	80.62257748	70.71067812	86.02325267	262.488095	258.069758	190
29	220.2271555	67.08203932	114.0175425	53.85164807	161.245155	148.6606875	190	123.6931688	110.4536102	130.3840481	114.0175425	111.8033989	76.15773106	120	90.55385138	210.9502311	184.3908891	143.1782106	139.2838828	219.544984	114.0175425	199.2485885	98.99494937	126.4911064	180.2775638	219.544984	42.42640687	193.1320792	0	178.0449381	161.245155	130.3840481	212.6029163	187.8829423	184.3908891	180.2775638	126.4911064	125.2996409	104.4030651	140	20	133.4166406	108.1665383	152.3154621	155.5634919	170	130	130.3840481	143.1782106	70.71067812
30	42.42640687	113.137085	85.44003745	127.2792206	92.19544457	160	120.8304597	110.4536102	266.2705391	120.4159458	245.9674775	120	210.9502311	111.8033989	131.5294644	223.6067977	155.241747	80	256.3201124	225.6102835	110	70.71067812	193.1320792	250.7987241	14.14213562	50	136.0147051	184.3908891	178.0449381	0	131.5294644	272.9468813	270	192.3538406	80.62257748	210.2379604	100.4987562	80	237.0653918	110	194.1648784	111.8033989	177.2004515	85.44003745	222.0360331	114.0175425	110.4536102	131.5294644	114.0175425	234.3074903
31	160.3121954	111.8033989	70.71067812	117.0469991	40	36.05551275	36.05551275	191.0497317	192.3538406	31.6227766	158.113883	191.0497317	139.2838828	44.72135955	186.0107524	92.19544457	28.28427125	53.85164807	155.5634919	94.86832981	183.8477631	85.44003745	102.9563014	156.2049935	120.4159458	133.4166406	139.2838828	53.85164807	161.245155	131.5294644	0	186.0107524	141.4213562	60.8276253	63.2455532	80.62257748	184.3908891	164.0121947	152.6433752	28.28427125	181.1077028	198.4943324	80.62257748	188.6796226	102.9563014	22.36067977	36.05551275	212.1320344	206.1552813	177.2004515
32	313.8470965	167.6305461	188.6796226	155.241747	212.1320344	152.6433752	222.0360331	250.7987241	28.28427125	169.7056275	28.28427125	240.208243	63.2455532	170.2938637	220	171.1724277	192.3538406	206.1552813	40	181.1077028	240.8318916	261.7250466	84.85281374	31.6227766	269.2582404	300	161.245155	180.2775638	130.3840481	272.9468813	186.0107524	0	133.4166406	167.6305461	240.4163056	143.1782106	251.7935662	245.1530134	36.05551275	183.8477631	133.4166406	260.7680962	106.3014581	274.5906044	101.9803903	206.1552813	176.9180601	260	270.7397274	63.2455532
33	301.4962686	206.1552813	192.3538406	201.246118	181.1077028	110	167.6305461	300.8321791	158.113883	150.3329638	120.8304597	295.4657341	142.126704	161.245155	281.7800561	64.03124237	126.4911064	190	94.86832981	70.71067812	291.5475947	225.6102835	114.0175425	107.7032961	260.1922366	274.5906044	219.544984	98.48857802	212.6029163	270	141.4213562	133.4166406	0	85.44003745	203.9607805	60.8276253	297.3213749	281.6025568	125.2996409	160	226.27417	310.1612484	111.8033989	310.4834939	58.30951895	162.788206	160.3121954	317.8049716	319.5309062	174.9285568
34	220	155.5634919	125.2996409	156.2049935	100.4987562	42.42640687	82.46211251	244.1311123	182.4828759	80.62257748	143.1782106	242.0743687	140.3566885	94.33981132	233.4523506	31.6227766	41.23105626	114.0175425	130	36.05551275	236.0084744	141.4213562	100.4987562	136.0147051	181.1077028	191.0497317	178.0449381	14.14213562	187.8829423	192.3538406	60.8276253	167.6305461	85.44003745	0	120.4159458	28.28427125	238.5372088	219.544984	141.4213562	85.44003745	206.1552813	252.3885893	82.46211251	245.9674775	67.08203932	80	89.4427191	264.0075756	260.7680962	180.2775638
35	100.4987562	120.4159458	70.71067812	131.5294644	28.28427125	98.48857802	41.23105626	170	242.0743687	70.71067812	212.1320344	174.642492	186.0107524	72.11102551	177.2004515	150	80	41.23105626	214.0093456	150.3329638	165.5294536	22.36067977	155.5634919	212.6029163	67.08203932	70.71067812	150.3329638	110	184.3908891	80.62257748	63.2455532	240.4163056	203.9607805	120.4159458	0	143.1782106	161.245155	138.9244399	205.1828453	56.56854249	203.9607805	174.9285568	134.5362405	156.2049935	165.5294536	41.23105626	64.03124237	192.3538406	180.2775638	219.544984
36	240.8318916	158.113883	136.0147051	156.2049935	120.4159458	50.99019514	107.7032961	250.5992817	160.3121954	92.19544457	120.4159458	246.9817807	123.6931688	104.4030651	236.0084744	31.6227766	67.08203932	130.3840481	104.4030651	41.23105626	241.8677324	164.924225	85.44003745	111.8033989	200	213.7755833	176.9180601	42.42640687	180.2775638	210.2379604	80.62257748	143.1782106	60.8276253	28.28427125	143.1782106	0	245.9674775	228.4731932	120	100.4987562	197.2308292	259.4224354	72.11102551	256.3201124	41.23105626	101.9803903	101.9803903	269.2582404	268.3281573	162.788206
37	131.5294644	92.19544457	114.0175425	100.4987562	156.2049935	197.2308292	192.0937271	10	235.3720459	158.113883	230.2172887	22.36067977	190.2629759	144.222051	42.42640687	269.2582404	212.6029163	134.5362405	250.1999201	274.5906044	14.14213562	161.5549442	192.3538406	240	111.8033989	150.3329638	90.55385138	236.0084744	126.4911064	100.4987562	184.3908891	251.7935662	297.3213749	238.5372088	161.245155	245.9674775	0	22.36067977	220.2271555	156.2049935	134.1640786	14.14213562	186.8154169	28.28427125	240.4163056	176.9180601	150	31.6227766	22.36067977	196.468827
38	114.0175425	80	94.33981132	90.55385138	134.5362405	178.8854382	170.2938637	31.6227766	230.8679276	138.9244399	222.0360331	40	182.4828759	125.2996409	53.85164807	250.5992817	192.0937271	113.137085	240.208243	255.5386468	30	139.2838828	180.2775638	230.8679276	90.55385138	130	85.44003745	216.3330765	125.2996409	80	164.0121947	245.1530134	281.6025568	219.544984	138.9244399	228.4731932	22.36067977	0	212.1320344	136.0147051	136.0147051	36.05551275	172.626765	30	225.6102835	155.5634919	130.3840481	53.85164807	42.42640687	193.1320792
39	277.8488798	133.4166406	152.6433752	121.6552506	176.9180601	120.8304597	188.6796226	220	41.23105626	134.5362405	10	210.2379604	30	134.5362405	191.0497317	150.3329638	161.5549442	170.2938637	36.05551275	160.3121954	210	226.27417	50	22.36067977	233.2380758	264.0075756	130	152.9705854	104.4030651	237.0653918	152.6433752	36.05551275	125.2996409	141.4213562	205.1828453	120	220.2271555	212.1320344	0	148.6606875	111.8033989	230	72.11102551	241.8677324	80.62257748	172.0465053	141.4213562	230.8679276	240	50
40	143.1782106	85.44003745	42.42640687	92.19544457	28.28427125	50	50	162.788206	186.0107524	14.14213562	155.5634919	162.788206	130.3840481	20	158.113883	117.0469991	56.56854249	30	158.113883	120.8304597	155.5634919	78.10249676	98.99494937	156.2049935	100.4987562	120.8304597	114.0175425	80.62257748	140	110	28.28427125	183.8477631	160	85.44003745	56.56854249	100.4987562	156.2049935	136.0147051	148.6606875	0	160	170.2938637	78.10249676	161.245155	114.0175425	30	10	183.8477631	178.0449381	165.5294536
41	236.0084744	85.44003745	133.4166406	72.80109889	181.1077028	167.6305461	210	130	110.4536102	150.3329638	120.8304597	117.0469991	86.02325267	140	94.86832981	228.2542442	203.9607805	162.788206	147.6482306	237.0653918	120.8304597	218.4032967	114.0175425	134.1640786	197.2308292	237.0653918	58.30951895	211.896201	20	194.1648784	181.1077028	133.4166406	226.27417	206.1552813	203.9607805	197.2308292	134.1640786	136.0147051	111.8033989	160	0	139.2838828	125.2996409	161.245155	170.2938637	190	150	133.4166406	148.6606875	70.71067812
42	140.3566885	104.4030651	128.0624847	111.8033989	170.2938637	210.9502311	206.1552813	10	243.3105012	172.0465053	240	22.36067977	200	158.113883	44.72135955	283.019434	226.715681	148.6606875	260.7680962	288.444102	20	174.642492	203.9607805	250.1999201	123.6931688	161.245155	100	250	133.4166406	111.8033989	198.4943324	260.7680962	310.1612484	252.3885893	174.9285568	259.4224354	14.14213562	36.05551275	230	170.2938637	139.2838828	0	199.2485885	31.6227766	252.9822128	191.0497317	164.0121947	20	10	203.9607805
43	215.4065923	94.86832981	92.19544457	89.4427191	106.3014581	50.99019514	116.6190379	189.7366596	111.8033989	64.03124237	78.10249676	183.8477631	60.8276253	67.08203932	170	102.9563014	92.19544457	102.9563014	80.62257748	111.8033989	180.2775638	156.2049935	22.36067977	78.10249676	170.8800749	197.2308292	108.1665383	90.55385138	108.1665383	177.2004515	80.62257748	106.3014581	111.8033989	82.46211251	134.5362405	72.11102551	186.8154169	172.626765	72.11102551	78.10249676	125.2996409	199.2485885	0	202.2374842	53.85164807	100	72.11102551	206.1552813	208.8061302	100.4987562
44	110	110	120.8304597	120.4159458	156.2049935	206.1552813	191.0497317	36.05551275	259.6150997	165.5294536	251.7935662	50	212.1320344	152.3154621	70.71067812	277.3084925	216.3330765	136.0147051	270.1851217	281.7800561	42.42640687	152.6433752	210.2379604	260.7680962	98.48857802	133.4166406	114.0175425	241.8677324	152.3154621	85.44003745	188.6796226	274.5906044	310.4834939	245.9674775	156.2049935	256.3201124	28.28427125	30	241.8677324	161.245155	161.245155	31.6227766	202.2374842	0	254.9509757	178.0449381	156.5247584	50.99019514	30	221.3594362
45	257.0992026	148.6606875	140	143.1782106	139.2838828	67.08203932	136.0147051	243.5159132	120	101.9803903	80	237.6972865	89.4427191	110.4536102	223.6067977	70	98.99494937	143.1782106	63.2455532	80	234.0939982	187.8829423	56.56854249	70.71067812	213.7755833	234.0939982	161.245155	80.62257748	155.5634919	222.0360331	102.9563014	101.9803903	58.30951895	67.08203932	165.5294536	41.23105626	240.4163056	225.6102835	80.62257748	114.0175425	170.2938637	252.9822128	53.85164807	254.9509757	0	125.2996409	111.8033989	260	262.488095	126.4911064
46	140	114.0175425	67.08203932	121.6552506	22.36067977	58.30951895	20	184.3908891	210.9502311	41.23105626	178.0449381	186.0107524	156.5247584	50	183.5755975	110.4536102	41.23105626	42.42640687	176.9180601	111.8033989	178.0449381	63.2455532	122.0655562	176.9180601	101.9803903	111.8033989	143.1782106	70.71067812	170	114.0175425	22.36067977	206.1552813	162.788206	80	41.23105626	101.9803903	176.9180601	155.5634919	172.0465053	30	190	191.0497317	100	178.0449381	125.2996409	0	40	206.1552813	197.9898987	193.1320792
47	145.6021978	76.15773106	36.05551275	82.46211251	36.05551275	50.99019514	60	156.2049935	178.0449381	10	148.6606875	155.5634919	122.0655562	10	150	120.8304597	64.03124237	31.6227766	152.6433752	125.2996409	148.6606875	84.85281374	92.19544457	150	101.9803903	125.2996409	104.4030651	86.02325267	130	110.4536102	36.05551275	176.9180601	160.3121954	89.4427191	64.03124237	101.9803903	150	130.3840481	141.4213562	10	150	164.0121947	72.11102551	156.5247584	111.8033989	40	0	176.9180601	172.0465053	156.5247584
48	160.3121954	111.8033989	141.4213562	117.0469991	186.0107524	222.0360331	222.0360331	22.36067977	240.8318916	184.3908891	240.8318916	22.36067977	200.9975124	170.2938637	40	294.1088234	240.4163056	164.0121947	263.0589288	300	28.28427125	193.1320792	208.8061302	251.7935662	143.1782106	181.1077028	101.9803903	262.488095	130.3840481	131.5294644	212.1320344	260	317.8049716	264.0075756	192.3538406	269.2582404	31.6227766	53.85164807	230.8679276	183.8477631	133.4166406	20	206.1552813	50.99019514	260	206.1552813	176.9180601	0	22.36067977	200.9975124
49	140	114.0175425	136.0147051	121.6552506	176.9180601	219.544984	212.6029163	20	253.179778	180.2775638	250	31.6227766	210	166.4331698	53.85164807	291.5475947	234.3074903	155.5634919	270.7397274	296.8164416	30	178.8854382	213.7755833	260.1922366	126.4911064	162.788206	110	258.069758	143.1782106	114.0175425	206.1552813	270.7397274	319.5309062	260.7680962	180.2775638	268.3281573	22.36067977	42.42640687	240	178.0449381	148.6606875	10	208.8061302	30	262.488095	197.9898987	172.0465053	22.36067977	0	213.7755833
50	276.5863337	122.0655562	156.2049935	108.1665383	192.3538406	151.3274595	211.896201	194.1648784	40	152.3154621	56.56854249	182.4828759	40	147.6482306	161.245155	194.1648784	192.3538406	180.2775638	84.85281374	203.9607805	184.3908891	238.5372088	80	70.71067812	233.4523506	269.0724809	107.7032961	190	70.71067812	234.3074903	177.2004515	63.2455532	174.9285568	180.2775638	219.544984	162.788206	196.468827	193.1320792	50	165.5294536	70.71067812	203.9607805	100.4987562	221.3594362	126.4911064	193.1320792	156.5247584	200.9975124	213.7755833	0;

param d:=
1	12
2	2
3	2
4	4
5	2
6	8
7	12
8	12
9	8
10	2
11	12
12	2
13	4
14	8
15	1
16	8
17	2
18	4
19	2
20	12
21	4
22	8
23	4
24	4
25	1
26	12
27	4
28	12
29	8
30	2
31	4
32	1
33	2
34	1
35	12
36	1
37	2
38	12
39	8
40	2
41	2
42	12
43	2
44	4
45	12
46	1
47	4
48	8
49	2
50	8;
param puntos:= 33; 

param cotas: 
 	 1 	 2:= 

1	6699.434379064085	1692.3572939407145
2	6707.013701884176	1689.9966141657167
3	6718.0920040420315	1678.4128066953544
4	6722.834709003115	1663.35499617736
5	6741.492333981063	1649.4105089319999
6	6741.492333981065	1649.4105089319996
7	6825.077095738441	1648.2151583169837
8	6829.87203927771	1646.8221593235967
9	6840.5189761873535	1640.6667321703796
10	6840.518976187354	1640.6667321703794
11	6848.0982990074435	1638.3060523953816
12	6863.919306126385	1611.6644344070248
13	6898.107852098911	1607.390844369421
14	6900.504874726374	1597.7199471616648
15	6935.8984103534885	1580.95375628837
16	6972.483978953478	1567.0092690430101
17	6972.483978953479	1567.00926904301
18	7026.494660384818	1562.867133419279
19	7142.97212384428	1560.879236046706
20	7221.64844565931	1560.5496641673294
21	7234.406086402163	1555.3741206657928
22	7288.416767833503	1551.2319850420618
23	7365.695366704054	1546.8507439573732
24	7379.519130016359	1528.4839104286239
25	7433.529811447697	1524.3417748048928
26	7474.781884646322	1522.0043032480803
27	7480.151613091835	1514.2330617409023
28	7525.980698695733	1510.2885744955422
29	7534.162294523176	1510.0909261171712
30	7579.991380127072	1506.1464388718114
31	7579.991380127074	1506.1464388718111
32	7657.179512745145	1496.436926424197
33	7711.1901941764845	1492.2947908004662
; 
