param n=25;
param m=4;
param K = 3;
param Q = 60;
param L =18;
param HC:= 
1 178.821
2 250.503
3 217.705
4 224.14;

param o:
	1	2	3	4	5	6	7	8	9	10	11	12	13	14	15	16	17	18	19	20	21	22	23	24	25:=
1	211.896201	50	155.5634919	167.6305461	100	152.6433752	250.7987241	357.7708764	102.9563014	167.6305461	325.5764119	72.80109889	110	200	300	174.9285568	270.1851217	192.3538406	240	280.1785145	20	114.0175425	183.5755975	110.4536102	162.788206
2	78.10249676	155.241747	107.7032961	180.2775638	50.99019514	72.80109889	100.4987562	226.715681	128.0624847	41.23105626	177.2004515	80.62257748	41.23105626	50.99019514	150.3329638	152.3154621	120	56.56854249	90.55385138	130	130.3840481	84.85281374	80.62257748	172.0465053	22.36067977
3	76.15773106	270.1851217	174.642492	250.5992817	174.642492	145.6021978	28.28427125	130	225.6102835	110.4536102	53.85164807	200.9975124	164.924225	80.62257748	50	210.9502311	30	106.3014581	50	31.6227766	253.179778	182.4828759	120.8304597	269.2582404	110.4536102
4	86.02325267	254.9509757	178.0449381	256.1249695	150	144.222051	20	174.642492	219.317122	102.9563014	92.19544457	181.1077028	140	50	50	219.317122	22.36067977	67.08203932	10	31.6227766	230	174.642492	127.2792206	264.0075756	94.86832981;

param cost:
	1	2	3	4	5	6	7	8	9	10	11	12	13	14	15	16	17	18	19	20	21	22	23	24	25:=
1	0	200.9975124	98.48857802	174.9285568	122.0655562	70.71067812	70.71067812	150	151.3274595	44.72135955	120.4159458	139.2838828	114.0175425	70	122.0655562	136.0147051	92.19544457	100.4987562	80.62257748	100	193.1320792	110	44.72135955	194.1648784	56.56854249
2	200.9975124	0	125.2996409	120.8304597	111.8033989	133.4166406	251.7935662	338.3784863	64.03124237	160	320.1562119	76.15773106	120.8304597	206.1552813	304.1381265	134.5362405	272.9468813	206.1552813	245.1530134	282.8427125	53.85164807	92.19544457	164.924225	60.8276253	161.245155
3	98.48857802	125.2996409	0	78.10249676	110.4536102	36.05551275	166.4331698	215.8703314	63.2455532	78.10249676	215.8703314	98.48857802	110	142.126704	219.544984	44.72135955	188.6796226	161.245155	170.2938637	197.2308292	142.126704	44.72135955	53.85164807	100	94.33981132
4	174.9285568	120.8304597	78.10249676	0	167.6305461	113.137085	244.1311123	270	70	155.5634919	287.923601	141.4213562	170.8800749	219.317122	296.8164416	41.23105626	266.2705391	236.0084744	248.394847	274.5906044	162.788206	98.48857802	130.3840481	64.03124237	170.2938637
5	122.0655562	111.8033989	110.4536102	167.6305461	0	85.44003745	151.3274595	272.0294102	102.9563014	78.10249676	228.035085	36.05551275	10	100	200	150.3329638	170.2938637	94.86832981	140	180.2775638	80	70.71067812	108.1665383	142.126704	67.08203932
6	70.71067812	133.4166406	36.05551275	113.137085	85.44003745	0	134.1640786	206.1552813	80.62257748	42.42640687	191.0497317	84.85281374	82.46211251	106.3014581	187.8829423	80.62257748	156.5247584	125.2996409	136.0147051	165.5294536	136.0147051	41.23105626	31.6227766	123.6931688	58.30951895
7	70.71067812	251.7935662	166.4331698	244.1311123	151.3274595	134.1640786	0	156.5247584	211.896201	94.86832981	80.62257748	180	141.4213562	53.85164807	53.85164807	206.1552813	22.36067977	78.10249676	22.36067977	31.6227766	230.8679276	167.6305461	114.0175425	256.3201124	90.55385138
8	150	338.3784863	215.8703314	270	272.0294102	206.1552813	156.5247584	0	278.9265136	194.1648784	100	286.5309756	264.0075756	200	161.245155	230.2172887	158.113883	230.2172887	178.8854382	155.241747	340	246.9817807	174.642492	314.0063694	206.1552813
9	151.3274595	64.03124237	63.2455532	70	102.9563014	80.62257748	211.896201	278.9265136	0	117.0469991	271.6615541	72.80109889	108.1665383	174.9285568	265.7066051	72.11102551	234.0939982	184.3908891	210.2379604	243.5159132	94.86832981	44.72135955	110	44.72135955	125.2996409
10	44.72135955	160	78.10249676	155.5634919	78.10249676	42.42640687	94.86832981	194.1648784	117.0469991	0	160.3121954	94.86832981	70.71067812	64.03124237	148.6606875	122.0655562	117.0469991	85.44003745	94.33981132	126.4911064	148.6606875	72.80109889	40	161.5549442	20
11	120.4159458	320.1562119	215.8703314	287.923601	228.035085	191.0497317	80.62257748	100	271.6615541	160.3121954	0	253.179778	218.4032967	134.1640786	63.2455532	246.9817807	70.71067812	158.113883	100	64.03124237	305.9411708	230.2172887	162.788206	314.0063694	162.788206
12	139.2838828	76.15773106	98.48857802	141.4213562	36.05551275	84.85281374	180	286.5309756	72.80109889	94.86832981	253.179778	0	44.72135955	131.5294644	230.8679276	131.5294644	200.2498439	130	171.1724277	210.2379604	53.85164807	53.85164807	114.0175425	108.1665383	90.55385138
13	114.0175425	120.8304597	110	170.8800749	10	82.46211251	141.4213562	264.0075756	108.1665383	70.71067812	218.4032967	44.72135955	0	90	190	151.3274595	160.3121954	85.44003745	130	170.2938637	90	72.80109889	102.9563014	148.6606875	58.30951895
14	70	206.1552813	142.126704	219.317122	100	106.3014581	53.85164807	200	174.9285568	64.03124237	134.1640786	131.5294644	90	0	100	186.0107524	70.71067812	31.6227766	40	80.62257748	180	130.3840481	98.48857802	219.544984	50
15	122.0655562	304.1381265	219.544984	296.8164416	200	187.8829423	53.85164807	161.245155	265.7066051	148.6606875	63.2455532	230.8679276	190	100	0	258.069758	31.6227766	114.0175425	60	22.36067977	280	221.3594362	166.4331698	310.1612484	143.1782106
16	136.0147051	134.5362405	44.72135955	41.23105626	150.3329638	80.62257748	206.1552813	230.2172887	72.11102551	122.0655562	246.9817807	131.5294644	151.3274595	186.0107524	258.069758	0	228.035085	205.9126028	212.1320344	236.0084744	165.5294536	80	92.19544457	89.4427191	138.9244399
17	92.19544457	272.9468813	188.6796226	266.2705391	170.2938637	156.5247584	22.36067977	158.113883	234.0939982	117.0469991	70.71067812	200.2498439	160.3121954	70.71067812	31.6227766	228.035085	0	89.4427191	31.6227766	10	250.1999201	189.7366596	136.0147051	278.5677655	111.8033989
18	100.4987562	206.1552813	161.245155	236.0084744	94.86832981	125.2996409	78.10249676	230.2172887	184.3908891	85.44003745	158.113883	130	85.44003745	31.6227766	114.0175425	205.9126028	89.4427191	0	58.30951895	98.48857802	172.626765	141.4213562	123.6931688	228.035085	67.08203932
19	80.62257748	245.1530134	170.2938637	248.394847	140	136.0147051	22.36067977	178.8854382	210.2379604	94.33981132	100	171.1724277	130	40	60	212.1320344	31.6227766	58.30951895	0	41.23105626	220	165.5294536	120.4159458	254.9509757	85.44003745
20	100	282.8427125	197.2308292	274.5906044	180.2775638	165.5294536	31.6227766	155.241747	243.5159132	126.4911064	64.03124237	210.2379604	170.2938637	80.62257748	22.36067977	236.0084744	10	98.48857802	41.23105626	0	260.1922366	199.2485885	144.222051	287.923601	121.6552506
21	193.1320792	53.85164807	142.126704	162.788206	80	136.0147051	230.8679276	340	94.86832981	148.6606875	305.9411708	53.85164807	90	180	280	165.5294536	250.1999201	172.626765	220	260.1922366	0	98.99494937	166.4331698	110.4536102	143.1782106
22	110	92.19544457	44.72135955	98.48857802	70.71067812	41.23105626	167.6305461	246.9817807	44.72135955	72.80109889	230.2172887	53.85164807	72.80109889	130.3840481	221.3594362	80	189.7366596	141.4213562	165.5294536	199.2485885	98.99494937	0	72.80109889	89.4427191	80.62257748
23	44.72135955	164.924225	53.85164807	130.3840481	108.1665383	31.6227766	114.0175425	174.642492	110	40	162.788206	114.0175425	102.9563014	98.48857802	166.4331698	92.19544457	136.0147051	123.6931688	120.4159458	144.222051	166.4331698	72.80109889	0	151.3274595	60
24	194.1648784	60.8276253	100	64.03124237	142.126704	123.6931688	256.3201124	314.0063694	44.72135955	161.5549442	314.0063694	108.1665383	148.6606875	219.544984	310.1612484	89.4427191	278.5677655	228.035085	254.9509757	287.923601	110.4536102	89.4427191	151.3274595	0	170
25	56.56854249	161.245155	94.33981132	170.2938637	67.08203932	58.30951895	90.55385138	206.1552813	125.2996409	20	162.788206	90.55385138	58.30951895	50	143.1782106	138.9244399	111.8033989	67.08203932	85.44003745	121.6552506	143.1782106	80.62257748	60	170	0;

param d:=
1	4
2	4
3	4
4	12
5	2
6	1
7	12
8	8
9	4
10	1
11	2
12	4
13	8
14	12
15	4
16	1
17	4
18	1
19	2
20	2
21	4
22	4
23	12
24	12
25	4;
param puntos:= 6; 

param cotas: 
 	 1 	 2:= 

1	4392.665469141255	1094.3892028354535
2	4419.7037243963105	1087.2633794405212
3	4461.185428246993	1064.565273338346
4	4471.33767522998	1062.5861452892868
5	4471.7083783670505	1011.5301081780694
6	4616.685608738046	1010.3438709188399
; 
