param n=100;
param m=4;
param K = 18;
param Q = 60;
param L =40;
param HC:= 
1 239.453
2 231.682
3 268.779
4 259.268;

param o:
	1	2	3	4	5	6	7	8	9	10	11	12	13	14	15	16	17	18	19	20	21	22	23	24	25	26	27	28	29	30	31	32	33	34	35	36	37	38	39	40	41	42	43	44	45	46	47	48	49	50	51	52	53	54	55	56	57	58	59	60	61	62	63	64	65	66	67	68	69	70	71	72	73	74	75	76	77	78	79	80	81	82	83	84	85	86	87	88	89	90	91	92	93	94	95	96	97	98	99	100:=
1	156.2049935	161.245155	122.0655562	78.10249676	113.137085	70.71067812	85.44003745	178.8854382	98.48857802	136.0147051	126.4911064	58.30951895	40	76.15773106	158.113883	89.4427191	152.9705854	130.3840481	127.2792206	169.7056275	107.7032961	50	92.19544457	106.3014581	98.99494937	86.02325267	53.85164807	92.19544457	206.1552813	85.44003745	114.0175425	138.9244399	92.19544457	161.5549442	193.1320792	89.4427191	102.9563014	80.62257748	44.72135955	100.4987562	70.71067812	114.0175425	107.7032961	122.0655562	76.15773106	42.42640687	114.0175425	44.72135955	30	233.2380758	80.62257748	44.72135955	94.33981132	92.19544457	107.7032961	41.23105626	80.62257748	174.642492	89.4427191	205.9126028	76.15773106	155.241747	139.2838828	150	113.137085	85.44003745	64.03124237	106.3014581	138.9244399	41.23105626	80	117.0469991	92.19544457	120.4159458	80.62257748	106.3014581	162.788206	170	107.7032961	174.9285568	92.19544457	89.4427191	151.3274595	203.9607805	122.0655562	174.642492	98.99494937	138.9244399	86.02325267	80.62257748	165.5294536	72.80109889	117.0469991	174.9285568	84.85281374	130.3840481	136.0147051	92.19544457	193.1320792	151.3274595
2	156.2049935	170.8800749	94.33981132	80.62257748	141.4213562	94.86832981	100.4987562	189.7366596	125.2996409	164.0121947	116.6190379	86.02325267	63.2455532	70.71067812	165.5294536	84.85281374	170.2938637	139.2838828	98.99494937	141.4213562	100	78.10249676	110	78.10249676	70.71067812	86.02325267	50	64.03124237	232.594067	100.4987562	86.02325267	111.8033989	80.62257748	187.8829423	219.317122	116.6190379	76.15773106	108.1665383	60	120.4159458	94.86832981	120.8304597	82.46211251	120.4159458	70.71067812	70.71067812	90.55385138	72.11102551	22.36067977	241.6609195	53.85164807	72.11102551	92.19544457	94.33981132	100	60.8276253	78.10249676	186.8154169	84.85281374	215.4065923	50.99019514	180.2775638	152.9705854	148.6606875	84.85281374	78.10249676	92.19544457	111.8033989	166.4331698	67.08203932	101.9803903	108.1665383	64.03124237	100.4987562	92.19544457	78.10249676	186.8154169	197.2308292	134.1640786	183.8477631	110	116.6190379	174.642492	228.035085	130	199.2485885	102.9563014	148.6606875	58.30951895	78.10249676	177.2004515	64.03124237	143.1782106	202.4845673	113.137085	102.9563014	134.5362405	80.62257748	206.1552813	170
3	94.33981132	120.4159458	120	144.222051	161.5549442	94.33981132	72.11102551	140.3566885	130.3840481	174.9285568	178.0449381	120.4159458	111.8033989	134.5362405	111.8033989	148.6606875	136.0147051	90	111.8033989	148.6606875	162.788206	110.4536102	164.924225	100	90	30	20	80	226.715681	158.113883	92.19544457	140	142.126704	183.8477631	212.6029163	151.3274595	111.8033989	141.4213562	117.0469991	100	140.3566885	70	123.6931688	58.30951895	10	100.4987562	136.0147051	92.19544457	86.02325267	186.8154169	94.86832981	110	31.6227766	40	36.05551275	63.2455532	20	140	22.36067977	162.788206	98.48857802	170.2938637	111.8033989	86.02325267	100.4987562	14.14213562	121.6552506	60	172.0465053	82.46211251	92.19544457	44.72135955	90.55385138	152.3154621	58.30951895	90.55385138	172.0465053	198.4943324	136.0147051	131.5294644	86.02325267	125.2996409	158.113883	210.9502311	80	186.0107524	166.4331698	100	92.19544457	142.126704	130	127.2792206	142.126704	206.1552813	136.0147051	98.48857802	72.11102551	20	160	139.2838828
4	214.0093456	228.4731932	85.44003745	41.23105626	165.5294536	140	155.241747	246.9817807	162.788206	193.1320792	58.30951895	107.7032961	76.15773106	20	223.6067977	31.6227766	223.6067977	196.977156	101.9803903	139.2838828	42.42640687	104.4030651	94.33981132	80.62257748	80	144.222051	108.1665383	80.62257748	269.2582404	80.62257748	100	94.33981132	22.36067977	225.6102835	257.0992026	130.3840481	63.2455532	125.2996409	58.30951895	171.1724277	100	178.8854382	58.30951895	178.0449381	128.0624847	101.9803903	56.56854249	110.4536102	41.23105626	299.6664813	50	94.86832981	150	152.6433752	155.5634919	111.8033989	136.0147051	243.5159132	142.126704	273.1300057	40	222.0360331	208.8061302	206.1552813	90.55385138	134.5362405	117.0469991	170	199.2485885	110	150.3329638	162.788206	70	53.85164807	148.6606875	90	230.8679276	230.8679276	172.626765	241.6609195	162.788206	152.9705854	220.2271555	271.6615541	187.8829423	241.8677324	60	206.1552813	60	30	234.0939982	10	182.4828759	234.0939982	139.2838828	120	192.0937271	134.5362405	262.488095	222.0360331;

param cost:
	1	2	3	4	5	6	7	8	9	10	11	12	13	14	15	16	17	18	19	20	21	22	23	24	25	26	27	28	29	30	31	32	33	34	35	36	37	38	39	40	41	42	43	44	45	46	47	48	49	50	51	52	53	54	55	56	57	58	59	60	61	62	63	64	65	66	67	68	69	70	71	72	73	74	75	76	77	78	79	80	81	82	83	84	85	86	87	88	89	90	91	92	93	94	95	96	97	98	99	100:=
1	0	56.56854249	206.1552813	233.4523506	200.9975124	133.4166406	92.19544457	72.11102551	160.3121954	200.2498439	272.0294102	183.8477631	188.6796226	226.715681	42.42640687	240.8318916	102.9563014	50.99019514	192.3538406	220	256.1249695	174.642492	241.8677324	186.8154169	177.2004515	70.71067812	106.3014581	167.6305461	219.317122	238.5372088	172.626765	225.6102835	236.0084744	186.8154169	206.1552813	208.8061302	202.4845673	199.2485885	200	110	210.2379604	50.99019514	215.4065923	36.05551275	86.02325267	165.5294536	228.4731932	152.3154621	176.9180601	100	187.8829423	178.8854382	64.03124237	64.03124237	63.2455532	125.2996409	78.10249676	78.10249676	72.11102551	82.46211251	192.3538406	167.6305461	76.15773106	10	184.3908891	80.62257748	180.2775638	53.85164807	191.0497317	143.1782106	121.6552506	60.8276253	180.2775638	245.9674775	85.44003745	174.642492	161.5549442	206.1552813	160	58.30951895	100.4987562	161.245155	148.6606875	188.6796226	50	174.642492	254.9509757	53.85164807	183.8477631	233.4523506	70.71067812	220.2271555	160.3121954	215.8703314	184.3908891	170.2938637	22.36067977	85.44003745	94.33981132	111.8033989
2	56.56854249	0	240.208243	238.5372088	170.8800749	114.0175425	78.10249676	20	130	162.788206	286.3564213	170.2938637	184.3908891	237.0653918	14.14213562	250.5992817	50.99019514	31.6227766	230.2172887	263.0589288	268.3281573	162.788206	233.4523506	220.2271555	210.2379604	90.55385138	123.6931688	200.2498439	167.6305461	233.4523506	210.2379604	260.1922366	250.7987241	140.3566885	155.241747	188.6796226	231.9482701	180.2775638	200	80.62257748	198.4943324	50.99019514	243.3105012	72.80109889	110.4536102	155.5634919	254.9509757	141.4213562	187.8829423	72.11102551	213.7755833	169.7056275	90	80.62257748	101.9803903	122.0655562	100.4987562	22.36067977	100	44.72135955	215.8703314	120.4159458	31.6227766	64.03124237	220	110	164.0121947	60.8276253	151.3274595	134.5362405	100	104.4030651	210.9502311	269.2582404	80.62257748	210	111.8033989	160.3121954	126.4911064	14.14213562	78.10249676	134.1640786	100.4987562	134.1640786	41.23105626	123.6931688	258.069758	22.36067977	212.1320344	241.8677324	14.14213562	232.594067	123.6931688	170.2938637	161.245155	212.1320344	67.08203932	120.4159458	41.23105626	60.8276253
3	206.1552813	240.208243	0	126.4911064	234.3074903	187.8829423	184.3908891	260.1922366	219.544984	258.069758	111.8033989	176.9180601	148.6606875	104.4030651	230.8679276	111.8033989	253.179778	210	22.36067977	53.85164807	110	170.2938637	178.8854382	20	30	150	121.6552506	40	326.4965543	165.5294536	36.05551275	20	90.55385138	281.7800561	313.0495168	205.1828453	22.36067977	197.9898987	136.0147051	208.8061302	178.0449381	190	30	172.626765	130	164.0121947	41.23105626	166.4331698	98.99494937	304.1381265	42.42640687	162.788206	150.3329638	160	143.1782106	152.3154621	140	260	140.3566885	281.6025568	50	273.1300057	230.8679276	196.468827	22.36067977	130.3840481	184.3908891	180	260.7680962	161.245155	193.1320792	145.6021978	31.6227766	63.2455532	172.626765	31.6227766	278.5677655	291.5475947	228.2542442	250.7987241	196.468827	210.9502311	265.7066051	319.5309062	200	291.5475947	143.1782106	220	36.05551275	114.0175425	250	94.86832981	237.0653918	296.8164416	206.1552813	50	184.3908891	121.6552506	280	254.9509757
4	233.4523506	238.5372088	126.4911064	0	143.1782106	136.0147051	161.245155	255.5386468	150.3329638	172.626765	60.8276253	90	60.8276253	22.36067977	236.0084744	22.36067977	224.7220505	208.0865205	143.1782106	180.2775638	41.23105626	90.55385138	56.56854249	121.6552506	120.4159458	162.788206	128.0624847	120	251.7935662	42.42640687	140.3566885	134.1640786	42.42640687	210.2379604	240.8318916	104.4030651	104.4030651	101.9803903	41.23105626	170.8800749	72.80109889	192.0937271	98.48857802	198.4943324	150	92.19544457	94.33981132	104.4030651	58.30951895	310.6444913	90.55385138	80.62257748	170.2938637	169.7056275	180.2775638	116.6190379	156.2049935	250.5992817	164.0121947	283.019434	80.62257748	210.2379604	214.7091055	226.715681	131.5294644	158.113883	100	184.3908891	181.1077028	107.7032961	148.6606875	188.6796226	110.4536102	84.85281374	158.113883	130.3840481	220.9072203	212.1320344	160.3121954	252.3885893	165.5294536	140.3566885	212.1320344	260.1922366	200	230.2172887	22.36067977	216.3330765	100.4987562	14.14213562	241.8677324	31.6227766	170.2938637	213.7755833	120.4159458	160.3121954	212.6029163	161.245155	268.3281573	221.3594362
5	200.9975124	170.8800749	234.3074903	143.1782106	0	70.71067812	110	178.8854382	41.23105626	30	203.9607805	58.30951895	89.4427191	158.113883	177.2004515	164.924225	130.3840481	152.9705854	240.4163056	282.8427125	184.3908891	64.03124237	100.4987562	219.317122	212.1320344	152.9705854	143.1782106	205.1828453	110	110	226.715681	250	180.2775638	72.80109889	100.4987562	40	214.0093456	41.23105626	107.7032961	92.19544457	70.71067812	150.3329638	216.3330765	180.2775638	158.113883	70.71067812	219.544984	72.11102551	136.0147051	233.2380758	192.0937271	72.11102551	162.788206	151.3274595	184.3908891	98.48857802	155.241747	170	164.924225	205.9126028	186.0107524	80.62257748	139.2838828	200.2498439	226.27417	167.6305461	50	150	41.23105626	80.62257748	80	194.1648784	205.1828453	219.317122	120.4159458	219.317122	94.33981132	70	44.72135955	183.8477631	100.4987562	40	92.19544457	126.4911064	151.3274595	98.48857802	150.3329638	155.241747	198.4943324	155.241747	165.5294536	161.5549442	50	70.71067812	28.28427125	242.0743687	190	180.2775638	180.2775638	122.0655562
6	133.4166406	114.0175425	187.8829423	136.0147051	70.71067812	0	41.23105626	127.2792206	36.05551275	80.62257748	192.3538406	56.56854249	76.15773106	141.4213562	116.6190379	152.9705854	89.4427191	89.4427191	188.6796226	230.2172887	172.626765	50	120.4159458	170	161.245155	82.46211251	78.10249676	152.6433752	138.9244399	122.0655562	172.0465053	206.1552813	160.3121954	94.33981132	125.2996409	76.15773106	170.8800749	67.08203932	94.86832981	36.05551275	84.85281374	82.46211251	177.2004515	110	89.4427191	44.72135955	184.3908891	31.6227766	100.4987562	183.8477631	148.6606875	58.30951895	92.19544457	80.62257748	114.0175425	36.05551275	85.44003745	120.4159458	94.86832981	155.5634919	145.6021978	85.44003745	84.85281374	131.5294644	174.9285568	98.48857802	50	80.62257748	78.10249676	30	14.14213562	123.6931688	156.5247584	191.0497317	50	166.4331698	92.19544457	106.3014581	42.42640687	128.0624847	36.05551275	31.6227766	80.62257748	133.4166406	85.44003745	104.4030651	152.3154621	94.33981132	152.3154621	143.1782106	113.137085	140.3566885	50	113.137085	50.99019514	184.3908891	120.4159458	111.8033989	136.0147051	85.44003745
7	92.19544457	78.10249676	184.3908891	161.245155	110	41.23105626	0	94.33981132	70.71067812	114.0175425	211.896201	94.33981132	106.3014581	161.5549442	78.10249676	174.642492	70	50	180.2775638	219.317122	193.1320792	86.02325267	156.2049935	164.924225	155.241747	50	63.2455532	145.6021978	155.5634919	155.5634919	161.5549442	203.9607805	177.2004515	114.0175425	141.4213562	117.0469991	171.1724277	107.7032961	122.0655562	28.28427125	122.0655562	41.23105626	180.2775638	70.71067812	64.03124237	78.10249676	190	64.03124237	114.0175425	150	150.3329638	92.19544457	58.30951895	44.72135955	80.62257748	44.72135955	56.56854249	89.4427191	64.03124237	122.0655562	150	98.99494937	53.85164807	90.55385138	167.6305461	70.71067812	89.4427191	40	107.7032961	56.56854249	30	89.4427191	152.9705854	200.9975124	14.14213562	158.113883	100	130.3840481	72.80109889	92.19544457	14.14213562	70	86.02325267	138.9244399	44.72135955	114.0175425	180.2775638	56.56854249	151.3274595	165.5294536	80.62257748	158.113883	76.15773106	138.9244399	92.19544457	170	80	84.85281374	107.7032961	70.71067812
8	72.11102551	20	260.1922366	255.5386468	178.8854382	127.2792206	94.33981132	0	138.9244399	167.6305461	304.6309242	183.8477631	200	254.9509757	31.6227766	268.3281573	50.99019514	50.99019514	250.1999201	282.8427125	286.3564213	176.9180601	247.5883681	240.208243	230.2172887	110.4536102	143.1782106	220.2271555	162.788206	248.394847	230.2172887	280.1785145	269.2582404	140.3566885	151.3274595	200	251.7935662	192.0937271	216.3330765	92.19544457	212.1320344	70.71067812	263.0589288	92.19544457	130.3840481	170.2938637	274.5906044	156.2049935	206.1552813	56.56854249	233.4523506	184.3908891	110	100.4987562	121.6552506	138.9244399	120.4159458	10	120	28.28427125	235.3720459	120.4159458	42.42640687	80.62257748	240	130	176.9180601	80.62257748	155.241747	150	113.137085	123.6931688	230.8679276	288.6173938	98.48857802	230	110	160.3121954	134.1640786	14.14213562	92.19544457	144.222051	100.4987562	126.4911064	60.8276253	120.4159458	274.5906044	41.23105626	231.9482701	259.4224354	14.14213562	250.7987241	130	170.2938637	172.0465053	231.9482701	85.44003745	140.3566885	22.36067977	60.8276253
9	160.3121954	130	219.544984	150.3329638	41.23105626	36.05551275	70.71067812	138.9244399	0	44.72135955	210	60.8276253	90	160.3121954	136.0147051	170	92.19544457	111.8033989	222.0360331	264.0075756	190	60	120.8304597	202.4845673	194.1648784	117.0469991	114.0175425	186.0107524	107.7032961	126.4911064	206.1552813	237.0653918	181.1077028	63.2455532	94.86832981	64.03124237	201.246118	58.30951895	110	50.99019514	85.44003745	110	206.1552813	141.4213562	125.2996409	60.8276253	211.896201	53.85164807	126.4911064	194.1648784	178.8854382	70	126.4911064	114.0175425	148.6606875	70.71067812	120.8304597	130.3840481	130	166.4331698	174.642492	60	98.48857802	160	208.0865205	134.1640786	50.99019514	110.4536102	42.42640687	58.30951895	41.23105626	158.113883	188.6796226	215.8703314	82.46211251	200	70.71067812	72.11102551	10	143.1782106	60	10	63.2455532	110	110.4536102	80	162.788206	114.0175425	183.5755975	160	125.2996409	161.245155	20	78.10249676	36.05551275	219.317122	150.3329638	147.6482306	142.126704	84.85281374
10	200.2498439	162.788206	258.069758	172.626765	30	80.62257748	114.0175425	167.6305461	44.72135955	0	233.4523506	85.44003745	117.0469991	186.8154169	171.1724277	194.1648784	117.0469991	150	262.488095	304.7950131	213.7755833	89.4427191	130.3840481	242.0743687	234.3074903	161.5549442	158.113883	226.715681	80	140	247.5883681	274.5906044	208.8061302	44.72135955	70.71067812	70	238.5372088	70.71067812	136.0147051	90.55385138	100.4987562	151.3274595	241.8677324	184.3908891	170	94.33981132	245.9674775	92.19544457	161.245155	219.317122	216.3330765	98.48857802	170.8800749	158.113883	193.1320792	114.0175425	165.5294536	158.113883	174.642492	193.1320792	210.9502311	56.56854249	131.5294644	200.9975124	248.394847	178.8854382	76.15773106	152.9705854	14.14213562	98.99494937	85.44003745	202.4845673	228.035085	246.9817807	126.4911064	240.8318916	70.71067812	40	41.23105626	174.642492	101.9803903	50	72.11102551	98.48857802	150.3329638	72.11102551	180.2775638	150.3329638	222.0360331	184.3908891	155.241747	189.7366596	40	41.23105626	53.85164807	261.7250466	192.3538406	192.3538406	165.5294536	107.7032961
11	272.0294102	286.3564213	111.8033989	60.8276253	203.9607805	192.3538406	211.896201	304.6309242	210	233.4523506	0	150.3329638	120	50.99019514	281.7800561	40	278.9265136	254.9509757	133.4166406	160	20	150	111.8033989	117.0469991	120.8304597	202.4845673	166.4331698	125.2996409	312.5699922	98.48857802	139.2838828	110	36.05551275	270.7397274	301.4962686	164.924225	94.86832981	162.788206	100	225.6102835	133.4166406	237.0653918	82.46211251	236.0084744	186.0107524	150.3329638	70.71067812	161.245155	98.48857802	357.7708764	94.33981132	140	208.0865205	210.9502311	212.6029163	167.6305461	194.1648784	300.8321791	200	331.0589071	86.02325267	270	265.7066051	264.0075756	126.4911064	192.0937271	160.3121954	228.2542442	241.8677324	162.788206	203.9607805	219.317122	111.8033989	50	206.1552813	130	280.1785145	272.9468813	220	299.6664813	218.4032967	200	270.7397274	320	245.9674775	290	58.30951895	264.0075756	102.9563014	50	291.5475947	53.85164807	230	274.5906044	181.1077028	158.113883	250	191.0497317	319.5309062	276.5863337
12	183.8477631	170.2938637	176.9180601	90	58.30951895	56.56854249	94.33981132	183.8477631	60.8276253	85.44003745	150.3329638	0	31.6227766	101.9803903	172.0465053	110.4536102	144.222051	144.222051	184.3908891	226.715681	130.3840481	10	64.03124237	162.788206	156.2049935	121.6552506	100.4987562	150	162.788206	67.08203932	172.0465053	192.0937271	123.6931688	120.4159458	151.3274595	31.6227766	156.2049935	22.36067977	50.99019514	92.19544457	28.28427125	134.1640786	158.113883	155.241747	120	20	161.245155	31.6227766	78.10249676	240.4163056	134.5362405	14.14213562	131.5294644	123.6931688	150.3329638	60.8276253	120.4159458	176.9180601	130.3840481	212.1320344	128.0624847	120.4159458	141.4213562	180.2775638	170.2938637	130	10	130	92.19544457	41.23105626	70.71067812	160.3121954	148.6606875	161.5549442	98.48857802	164.0121947	131.5294644	123.6931688	70.71067812	184.3908891	92.19544457	50.99019514	123.6931688	170.2938637	138.9244399	140.3566885	101.9803903	150	141.4213562	100.4987562	169.7056275	104.4030651	80.62257748	126.4911064	31.6227766	188.6796226	167.6305461	140.3566885	192.0937271	138.9244399
13	188.6796226	184.3908891	148.6606875	60.8276253	89.4427191	76.15773106	106.3014581	200	90	117.0469991	120	31.6227766	0	70.71067812	183.8477631	80	165.5294536	155.5634919	158.113883	200	100	30	53.85164807	136.0147051	130.3840481	120.8304597	92.19544457	125.2996409	194.1648784	50	147.6482306	162.788206	92.19544457	151.3274595	182.4828759	56.56854249	127.2792206	50	20	111.8033989	31.6227766	142.126704	128.0624847	156.5247584	114.0175425	31.6227766	130.3840481	44.72135955	50	256.1249695	106.3014581	20	130	125.2996409	145.6021978	64.03124237	117.0469991	194.1648784	126.4911064	228.035085	98.99494937	150	158.113883	183.5755975	144.222051	123.6931688	41.23105626	136.0147051	123.6931688	50	89.4427191	155.241747	122.0655562	130	106.3014581	138.9244399	160.3121954	155.241747	100	198.4943324	108.1665383	80	151.3274595	200	148.6606875	170	76.15773106	162.788206	114.0175425	70	186.0107524	72.80109889	110	158.113883	63.2455532	165.5294536	170	131.5294644	210.9502311	161.5549442
14	226.715681	237.0653918	104.4030651	22.36067977	158.113883	141.4213562	161.5549442	254.9509757	160.3121954	186.8154169	50.99019514	101.9803903	70.71067812	0	233.2380758	14.14213562	228.035085	205.9126028	121.6552506	158.113883	31.6227766	100.4987562	78.10249676	100.4987562	100	156.2049935	120.4159458	100.4987562	264.7640459	64.03124237	120	111.8033989	22.36067977	222.0360331	253.179778	120.8304597	82.46211251	117.0469991	50.99019514	174.642492	89.4427191	188.6796226	76.15773106	191.0497317	141.4213562	100	72.11102551	110.4536102	50	308.8689042	70	90.55385138	162.788206	164.0121947	170.2938637	117.0469991	148.6606875	250.7987241	155.5634919	281.7800561	60	220.2271555	215.4065923	219.317122	110.4536102	148.6606875	111.8033989	180.2775638	194.1648784	111.8033989	152.9705854	178.0449381	90	64.03124237	156.5247584	110	230	225.6102835	170.2938637	250.5992817	167.6305461	150.3329638	220.2271555	270.1851217	197.2308292	240.208243	40	214.7091055	80	10	241.6609195	10	180.2775638	228.035085	133.4166406	140	205.1828453	150	269.2582404	225.6102835
15	42.42640687	14.14213562	230.8679276	236.0084744	177.2004515	116.6190379	78.10249676	31.6227766	136.0147051	171.1724277	281.7800561	172.0465053	183.8477631	233.2380758	0	246.9817807	63.2455532	28.28427125	220	251.7935662	264.1968963	164.0121947	234.3074903	210.9502311	200.9975124	82.46211251	117.0469991	191.0497317	180.2775638	233.4523506	200	250.7987241	245.9674775	151.3274595	167.6305461	192.3538406	223.6067977	183.5755975	198.4943324	85.44003745	200	44.72135955	235.3720459	60.8276253	101.9803903	156.2049935	247.3863375	142.126704	183.5755975	76.15773106	206.1552813	170.2938637	80.62257748	72.80109889	90.55385138	120.4159458	92.19544457	36.05551275	90.55385138	50.99019514	208.8061302	131.5294644	40	50	210.2379604	100.4987562	166.4331698	53.85164807	160.3121954	134.5362405	102.9563014	92.19544457	202.2374842	262.488095	78.10249676	200.2498439	123.6931688	171.1724277	133.4166406	20	80.62257748	139.2838828	111.8033989	147.6482306	36.05551275	136.0147051	256.1249695	22.36067977	203.9607805	238.5372088	28.28427125	228.2542442	131.5294644	181.1077028	165.5294536	200.9975124	53.85164807	110	53.85164807	72.80109889
16	240.8318916	250.5992817	111.8033989	22.36067977	164.924225	152.9705854	174.642492	268.3281573	170	194.1648784	40	110.4536102	80	14.14213562	246.9817807	0	240.4163056	219.544984	130.3840481	164.924225	20	110	78.10249676	110	110.4536102	170.2938637	134.5362405	111.8033989	272.9468813	64.03124237	130.3840481	117.0469991	22.36067977	230.8679276	261.7250466	126.4911064	90.55385138	123.6931688	60	186.8154169	94.86832981	202.4845673	82.46211251	205.1828453	155.5634919	110.4536102	76.15773106	121.6552506	64.03124237	322.4903099	80.62257748	100	176.9180601	178.0449381	184.3908891	130	162.788206	264.0075756	169.7056275	295.2964612	70.71067812	230	228.4731932	233.4523506	120	162.788206	120.4159458	194.1648784	202.2374842	123.6931688	164.924225	192.0937271	100.4987562	64.03124237	170	120.4159458	240.208243	233.4523506	180	264.1968963	180.2775638	160	230.8679276	280	210.9502311	250	31.6227766	228.2542442	90.55385138	10	254.9509757	22.36067977	190	235.3720459	141.4213562	150.3329638	219.317122	164.0121947	282.3118843	237.6972865
17	102.9563014	50.99019514	253.179778	224.7220505	130.3840481	89.4427191	70	50.99019514	92.19544457	117.0469991	278.9265136	144.222051	165.5294536	228.035085	63.2455532	240.4163056	0	56.56854249	247.3863375	284.6049894	259.6150997	138.9244399	208.0865205	233.4523506	223.6067977	107.7032961	131.5294644	213.7755833	117.0469991	210.9502311	228.035085	272.9468813	245.1530134	90	104.4030651	155.5634919	240.8318916	148.6606875	183.8477631	53.85164807	172.0465053	72.11102551	250.1999201	106.3014581	126.4911064	134.1640786	260	120.8304597	182.4828759	102.9563014	220.2271555	147.6482306	111.8033989	98.48857802	130.3840481	111.8033989	117.0469991	41.23105626	120.8304597	76.15773106	220	70	28.28427125	108.1665383	235.3720459	130	136.0147051	80.62257748	104.4030651	117.0469991	76.15773106	136.0147051	222.0360331	270.7397274	80.62257748	225.6102835	60.8276253	110	86.02325267	60	60.8276253	98.99494937	50	86.02325267	64.03124237	72.80109889	241.6609195	50	220.9072203	230.8679276	40	225.6102835	80.62257748	120	127.2792206	234.0939982	106.3014581	143.1782106	50	10
18	50.99019514	31.6227766	210	208.0865205	152.9705854	89.4427191	50	50.99019514	111.8033989	150	254.9509757	144.222051	155.5634919	205.9126028	28.28427125	219.544984	56.56854249	0	200.9975124	235.3720459	237.0653918	136.0147051	206.1552813	190	180	60	92.19544457	170	170	205.1828453	181.1077028	230	219.317122	136.0147051	156.5247584	165.5294536	200.9975124	156.5247584	170.2938637	60.8276253	172.0465053	20	212.1320344	50	80	128.0624847	223.6067977	114.0175425	156.5247584	102.9563014	182.4828759	142.126704	60.8276253	50	76.15773106	92.19544457	70	50	70.71067812	76.15773106	184.3908891	117.0469991	28.28427125	53.85164807	190.2629759	80.62257748	138.9244399	30	140.3566885	106.3014581	76.15773106	80.62257748	180.2775638	237.6972865	50	180.2775638	111.8033989	155.241747	110.4536102	44.72135955	53.85164807	114.0175425	98.48857802	142.126704	10	125.2996409	228.035085	10	181.1077028	210.9502311	40	201.246118	110	164.924225	139.2838828	184.3908891	50	92.19544457	70	64.03124237
19	192.3538406	230.2172887	22.36067977	143.1782106	240.4163056	188.6796226	180.2775638	250.1999201	222.0360331	262.488095	133.4166406	184.3908891	158.113883	121.6552506	220	130.3840481	247.3863375	200.9975124	0	42.42640687	130.3840481	176.9180601	193.1320792	22.36067977	28.28427125	141.4213562	117.0469991	36.05551275	327.5667871	180.2775638	20	36.05551275	110	283.019434	313.8470965	214.0093456	40	206.1552813	147.6482306	206.1552813	188.6796226	181.1077028	50.99019514	160.3121954	121.6552506	169.7056275	63.2455532	170.2938637	108.1665383	291.5475947	53.85164807	170.2938637	140.3566885	151.3274595	130.3840481	152.6433752	131.5294644	250.7987241	130.3840481	270.1851217	63.2455532	272.9468813	223.6067977	182.4828759	14.14213562	120.4159458	191.0497317	171.1724277	264.0075756	164.0121947	192.3538406	131.5294644	36.05551275	85.44003745	167.6305461	22.36067977	277.3084925	294.1088234	230.2172887	240	193.1320792	214.0093456	264.0075756	317.8049716	191.0497317	290.6888371	161.245155	210.9502311	44.72135955	131.5294644	240.8318916	111.8033989	238.5372088	300	212.1320344	28.28427125	171.1724277	110	270.7397274	250
20	220	263.0589288	53.85164807	180.2775638	282.8427125	230.2172887	219.317122	282.8427125	264.0075756	304.7950131	160	226.715681	200	158.113883	251.7935662	164.924225	284.6049894	235.3720459	42.42640687	0	161.245155	219.317122	232.594067	64.03124237	70.71067812	177.2004515	156.5247584	78.10249676	368.9173349	219.317122	58.30951895	50	143.1782106	324.4996148	355.1056181	256.1249695	76.15773106	248.394847	188.6796226	245.9674775	230.2172887	215.8703314	82.46211251	191.0497317	158.113883	212.1320344	90.55385138	212.6029163	150	320	94.33981132	212.6029163	174.642492	186.8154169	161.245155	194.1648784	167.6305461	284.4292531	164.924225	300.6659276	102.9563014	313.8470965	259.6150997	210	56.56854249	155.241747	233.4523506	206.1552813	306.1045573	206.1552813	233.2380758	160.3121954	78.10249676	110	206.1552813	64.03124237	317.6476035	336.0059523	272.0294102	271.6615541	232.594067	256.1249695	304.1381265	357.7708764	225.6102835	331.2099032	196.468827	245.1530134	86.02325267	167.6305461	274.5906044	148.6606875	280.1785145	342.0526275	254.5584412	50.99019514	200.2498439	143.1782106	304.1381265	287.923601
21	256.1249695	268.3281573	110	41.23105626	184.3908891	172.626765	193.1320792	286.3564213	190	213.7755833	20	130.3840481	100	31.6227766	264.1968963	20	259.6150997	237.0653918	130.3840481	161.245155	0	130	94.33981132	111.8033989	114.0175425	186.0107524	150	117.0469991	292.7456234	80.62257748	133.4166406	111.8033989	22.36067977	250.7987241	281.6025568	145.6021978	90.55385138	143.1782106	80	206.1552813	114.0175425	219.544984	80	220.2271555	170.2938637	130.3840481	70.71067812	141.4213562	80.62257748	340	85.44003745	120	192.0937271	194.1648784	197.9898987	148.6606875	178.0449381	282.3118843	184.3908891	313.0495168	76.15773106	250	246.9817807	248.394847	121.6552506	176.9180601	140.3566885	210.9502311	222.0360331	143.1782106	184.3908891	205.1828453	104.4030651	53.85164807	187.8829423	123.6931688	260.1922366	253.179778	200	281.7800561	199.2485885	180	250.7987241	300	228.2542442	270	42.42640687	245.9674775	94.86832981	30	273.1300057	36.05551275	210	254.9509757	161.245155	152.9705854	234.3074903	176.9180601	300.8321791	257.0992026
22	174.642492	162.788206	170.2938637	90.55385138	64.03124237	50	86.02325267	176.9180601	60	89.4427191	150	10	30	100.4987562	164.0121947	110	138.9244399	136.0147051	176.9180601	219.317122	130	0	70.71067812	155.5634919	148.6606875	111.8033989	90.55385138	142.126704	164.924225	72.11102551	164.0121947	186.0107524	121.6552506	121.6552506	152.9705854	41.23105626	150	31.6227766	50	86.02325267	36.05551275	125.2996409	152.6433752	145.6021978	110	10	156.5247584	22.36067977	72.11102551	233.4523506	128.0624847	10	121.6552506	114.0175425	140.3566885	50.99019514	110.4536102	170.2938637	120.4159458	205.1828453	122.0655562	120	134.5362405	170.8800749	162.788206	120	14.14213562	120.8304597	94.86832981	31.6227766	64.03124237	150.3329638	141.4213562	158.113883	89.4427191	156.2049935	130.3840481	126.4911064	70	176.9180601	84.85281374	50	121.6552506	170	130.3840481	140	104.4030651	142.126704	134.5362405	100	162.788206	101.9803903	80	130	36.05551275	180.2775638	158.113883	130.3840481	186.0107524	134.1640786
23	241.8677324	233.4523506	178.8854382	56.56854249	100.4987562	120.4159458	156.2049935	247.5883681	120.8304597	130.3840481	111.8033989	64.03124237	53.85164807	78.10249676	234.3074903	78.10249676	208.0865205	206.1552813	193.1320792	232.594067	94.33981132	70.71067812	0	170.8800749	167.6305461	174.642492	145.6021978	164.924225	210.2379604	14.14213562	186.8154169	188.6796226	98.99494937	172.626765	200.9975124	60.8276253	156.5247584	63.2455532	50	156.2049935	36.05551275	194.1648784	152.6433752	210.2379604	167.6305461	78.10249676	150	92.19544457	90.55385138	304.1381265	139.2838828	64.03124237	183.8477631	178.8854382	199.2485885	116.6190379	170.8800749	240.8318916	180.2775638	275.8622845	130	177.2004515	205.1828453	237.0653918	180.2775638	177.2004515	72.11102551	188.6796226	141.4213562	100	134.5362405	208.8061302	158.113883	141.4213562	158.113883	177.2004515	189.7366596	170.2938637	130	247.5883681	155.5634919	111.8033989	183.8477631	225.6102835	200	196.468827	53.85164807	212.6029163	148.6606875	70.71067812	233.4523506	86.02325267	139.2838828	170	85.44003745	206.1552813	223.6067977	184.3908891	256.1249695	202.4845673
24	186.8154169	220.2271555	20	121.6552506	219.317122	170	164.924225	240.208243	202.4845673	242.0743687	117.0469991	162.788206	136.0147051	100.4987562	210.9502311	110	233.4523506	190	22.36067977	64.03124237	111.8033989	155.5634919	170.8800749	0	10	130	101.9803903	20	308.8689042	158.113883	22.36067977	40	90.55385138	264.1968963	295.2964612	192.0937271	22.36067977	184.3908891	125.2996409	189.7366596	166.4331698	170	36.05551275	152.9705854	110	148.6606875	50	150	86.02325267	284.4292531	31.6227766	148.6606875	130.3840481	140	123.6931688	134.1640786	120	240	120.4159458	261.7250466	41.23105626	254.9509757	210.9502311	177.2004515	10	110.4536102	169.7056275	160	244.1311123	144.222051	174.642492	126.4911064	14.14213562	72.11102551	152.9705854	14.14213562	260	274.5906044	210.9502311	230.8679276	177.2004515	194.1648784	246.9817807	300.8321791	180	273.1300057	140.3566885	200	22.36067977	110.4536102	230	90.55385138	219.544984	280.1785145	191.0497317	41.23105626	164.924225	101.9803903	260	235.3720459
25	177.2004515	210.2379604	30	120.4159458	212.1320344	161.245155	155.241747	230.2172887	194.1648784	234.3074903	120.8304597	156.2049935	130.3840481	100	200.9975124	110.4536102	223.6067977	180	28.28427125	70.71067812	114.0175425	148.6606875	167.6305461	10	0	120	92.19544457	10	300.1666204	155.241747	20	50	92.19544457	255.5386468	286.5309756	186.0107524	28.28427125	178.0449381	120.8304597	180.2775638	161.245155	160	42.42640687	143.1782106	100	141.4213562	56.56854249	142.126704	80.62257748	274.5906044	30	142.126704	120.4159458	130	114.0175425	125.2996409	110	230	110.4536102	251.7935662	40	245.9674775	200.9975124	167.6305461	14.14213562	100.4987562	162.788206	150	236.0084744	136.0147051	165.5294536	117.0469991	10	78.10249676	143.1782106	10	250.7987241	266.2705391	202.4845673	220.9072203	167.6305461	186.0107524	237.6972865	291.5475947	170	264.0075756	140	190	20	110	220	90	210.9502311	272.0294102	183.8477631	40	155.241747	92.19544457	250	225.6102835
26	70.71067812	90.55385138	150	162.788206	152.9705854	82.46211251	50	110.4536102	117.0469991	161.5549442	202.4845673	121.6552506	120.8304597	156.2049935	82.46211251	170.2938637	107.7032961	60	141.4213562	177.2004515	186.0107524	111.8033989	174.642492	130	120	0	36.05551275	110	205.1828453	170	121.6552506	170	166.4331698	164.0121947	191.0497317	150.3329638	141.4213562	140.3566885	130.3840481	78.10249676	145.6021978	40	152.9705854	36.05551275	20	101.9803903	164.924225	90.55385138	106.3014581	158.113883	123.6931688	114.0175425	10	10	31.6227766	60.8276253	10	110	14.14213562	133.4166406	126.4911064	148.6606875	82.46211251	64.03124237	130.3840481	22.36067977	120.4159458	30	156.5247584	80.62257748	76.15773106	41.23105626	120.4159458	180.2775638	36.05551275	120.4159458	148.6606875	180.2775638	120.8304597	101.9803903	64.03124237	114.0175425	134.5362405	186.0107524	50	162.788206	184.3908891	70	121.6552506	162.788206	100	150	125.2996409	188.6796226	130.3840481	126.4911064	50	36.05551275	130	111.8033989
27	106.3014581	123.6931688	121.6552506	128.0624847	143.1782106	78.10249676	63.2455532	143.1782106	114.0175425	158.113883	166.4331698	100.4987562	92.19544457	120.4159458	117.0469991	134.5362405	131.5294644	92.19544457	117.0469991	156.5247584	150	90.55385138	145.6021978	101.9803903	92.19544457	36.05551275	0	82.46211251	214.0093456	139.2838828	98.48857802	141.4213562	130.3840481	170.2938637	200	131.5294644	110	121.6552506	98.48857802	89.4427191	120.4159458	72.80109889	120.4159458	70.71067812	22.36067977	80.62257748	131.5294644	72.80109889	70.71067812	193.1320792	90.55385138	90	42.42640687	44.72135955	53.85164807	44.72135955	28.28427125	141.4213562	36.05551275	167.6305461	92.19544457	158.113883	110	98.99494937	104.4030651	31.6227766	101.9803903	63.2455532	156.2049935	63.2455532	78.10249676	63.2455532	90.55385138	145.6021978	50.99019514	94.86832981	161.245155	183.8477631	120.4159458	136.0147051	76.15773106	108.1665383	147.6482306	201.246118	82.46211251	174.9285568	150	101.9803903	90	127.2792206	131.5294644	114.0175425	127.2792206	191.0497317	117.0469991	108.1665383	84.85281374	40	161.245155	133.4166406
28	167.6305461	200.2498439	40	120	205.1828453	152.6433752	145.6021978	220.2271555	186.0107524	226.715681	125.2996409	150	125.2996409	100.4987562	191.0497317	111.8033989	213.7755833	170	36.05551275	78.10249676	117.0469991	142.126704	164.924225	20	10	110	82.46211251	0	291.5475947	152.9705854	22.36067977	60	94.86832981	246.9817807	277.8488798	180.2775638	36.05551275	172.0465053	117.0469991	170.8800749	156.5247584	150	50	133.4166406	90	134.5362405	64.03124237	134.5362405	76.15773106	264.7640459	31.6227766	136.0147051	110.4536102	120	104.4030651	116.6190379	100	220	100.4987562	241.8677324	41.23105626	237.0653918	191.0497317	158.113883	22.36067977	90.55385138	156.2049935	140	228.035085	128.0624847	156.5247584	107.7032961	14.14213562	84.85281374	133.4166406	14.14213562	241.6609195	258.069758	194.1648784	210.9502311	158.113883	178.0449381	228.4731932	282.3118843	160	254.9509757	140.3566885	180	22.36067977	110.4536102	210	90.55385138	202.4845673	264.0075756	176.9180601	41.23105626	145.6021978	82.46211251	240	215.8703314
29	219.317122	167.6305461	326.4965543	251.7935662	110	138.9244399	155.5634919	162.788206	107.7032961	80	312.5699922	162.788206	194.1648784	264.7640459	180.2775638	272.9468813	117.0469991	170	327.5667871	368.9173349	292.7456234	164.924225	210.2379604	308.8689042	300.1666204	205.1828453	214.0093456	291.5475947	0	220	310.6444913	344.3835072	286.3564213	44.72135955	14.14213562	150	308.7069808	150.3329638	213.7755833	127.2792206	180.2775638	180.2775638	313.8470965	216.3330765	219.317122	167.6305461	319.5309062	161.5549442	234.0939982	200.2498439	286.3564213	174.642492	212.6029163	198.4943324	234.3074903	174.9285568	212.1320344	152.9705854	219.317122	180.2775638	282.3118843	56.56854249	143.1782106	223.6067977	313.8470965	226.27417	152.9705854	186.0107524	70.71067812	165.5294536	136.0147051	242.0743687	295.2964612	322.8002478	169.7056275	305.2867504	58.30951895	40	98.48857802	174.642492	141.4213562	117.0469991	72.11102551	41.23105626	174.9285568	44.72135955	260.1922366	165.5294536	290.6888371	263.0589288	155.241747	266.8332813	89.4427191	41.23105626	131.5294644	322.0248438	219.544984	240.4163056	150.3329638	107.7032961
30	238.5372088	233.4523506	165.5294536	42.42640687	110	122.0655562	155.5634919	248.394847	126.4911064	140	98.48857802	67.08203932	50	64.03124237	233.4523506	64.03124237	210.9502311	205.1828453	180.2775638	219.317122	80.62257748	72.11102551	14.14213562	158.113883	155.241747	170	139.2838828	152.9705854	220	0	174.642492	174.9285568	84.85281374	181.1077028	210.2379604	70	143.1782106	70.71067812	41.23105626	158.113883	41.23105626	192.0937271	138.9244399	205.9126028	161.5549442	78.10249676	136.0147051	92.19544457	80	304.7950131	126.4911064	64.03124237	178.8854382	174.9285568	193.1320792	114.0175425	165.5294536	242.0743687	174.642492	276.5863337	117.0469991	184.3908891	206.1552813	233.2380758	167.6305461	170.8800749	76.15773106	186.0107524	150.3329638	98.99494937	136.0147051	202.4845673	145.6021978	127.2792206	156.2049935	164.924225	196.468827	180	136.0147051	247.5883681	156.2049935	117.0469991	189.7366596	233.4523506	198.4943324	203.9607805	41.23105626	212.1320344	136.0147051	56.56854249	234.3074903	72.11102551	145.6021978	180.2775638	92.19544457	194.1648784	219.544984	177.2004515	258.069758	205.9126028
31	172.626765	210.2379604	36.05551275	140.3566885	226.715681	172.0465053	161.5549442	230.2172887	206.1552813	247.5883681	139.2838828	172.0465053	147.6482306	120	200	130.3840481	228.035085	181.1077028	20	58.30951895	133.4166406	164.0121947	186.8154169	22.36067977	20	121.6552506	98.48857802	22.36067977	310.6444913	174.642492	0	53.85164807	111.8033989	266.2705391	296.8164416	202.4845673	44.72135955	194.1648784	139.2838828	187.8829423	178.8854382	161.245155	58.30951895	140.3566885	101.9803903	156.2049935	72.11102551	155.5634919	98.48857802	271.6615541	50	158.113883	120.4159458	131.5294644	110.4536102	136.0147051	111.8033989	230.8679276	110.4536102	250.1999201	60	255.5386468	203.9607805	162.788206	14.14213562	100.4987562	178.0449381	151.3274595	248.394847	148.6606875	174.9285568	111.8033989	30	94.33981132	148.6606875	10	259.4224354	278.0287755	214.0093456	220	174.642492	198.4943324	245.9674775	299.6664813	171.1724277	272.9468813	160	191.0497317	40	130	220.9072203	110	222.0360331	284.2534081	198.4943324	20	151.3274595	90	250.7987241	230.8679276
32	225.6102835	260.1922366	20	134.1640786	250	206.1552813	203.9607805	280.1785145	237.0653918	274.5906044	110	192.0937271	162.788206	111.8033989	250.7987241	117.0469991	272.9468813	230	36.05551275	50	111.8033989	186.0107524	188.6796226	40	50	170	141.4213562	60	344.3835072	174.9285568	53.85164807	0	94.86832981	299.6664813	331.0589071	219.317122	36.05551275	212.6029163	148.6606875	228.035085	191.0497317	210	36.05551275	192.3538406	150	180.2775638	41.23105626	183.5755975	114.0175425	323.8826948	58.30951895	178.0449381	170.2938637	180	162.788206	170.8800749	160	280	160.3121954	301.4962686	64.03124237	291.5475947	250.7987241	215.8703314	41.23105626	150.3329638	200	200	277.8488798	178.8854382	211.896201	164.924225	50.99019514	60	192.3538406	50.99019514	297.3213749	308.8689042	245.9674775	270.7397274	215.8703314	228.2542442	284.6049894	338.3784863	220	310.1612484	148.6606875	240	53.85164807	120.8304597	270	102.9563014	254.9509757	313.8470965	222.0360331	64.03124237	203.9607805	141.4213562	300	274.5906044
